spectral_flux_midhf,residual_crest_factor,edge_spike_ratio,midband_residual_ratio,cycle_nmse,peak_fluct_cv,thd_i,hf_energy_delta,zcv,abs_irms_zscore_vs_baseline,v_rms,i_rms,temp_c,label_arc,load_type,session_id,epoch_ms,uptime_ms,model_pred,feat_valid,current_valid,fault_state,arc_counter,adc_fs_hz,auto_capture,feature_space_version
33.631908,6.328177,-9.287696,-52.357475,0.152571,0.731292,0.6341,17.657625,0.892702,0.665938,227.150,4.432285,27.350,0,Vacuum_Cleaner,sess_1775549068914,1775549082137,2145572,1,1,1,0,20,32768.00,0,4
37.781490,11.943113,-3.039002,-37.141636,4.075033,1.421812,0.0000,17.355711,0.950222,0.259943,227.150,4.340113,27.350,0,Vacuum_Cleaner,sess_1775549068914,1775549082221,2145667,1,1,1,0,20,32768.00,0,4
32.121151,4.557933,-19.266502,-43.105240,0.104509,1.002097,0.0000,17.129448,0.010322,0.342980,227.150,4.208352,27.357,0,Vacuum_Cleaner,sess_1775549068914,1775549082509,2145960,0,1,1,0,18,32768.00,0,4
41.042286,4.618975,-19.520233,-51.475639,4.714276,0.544704,14.2397,17.014343,1.250796,0.046154,227.150,4.223890,27.357,0,Vacuum_Cleaner,sess_1775549068914,1775549082617,2146052,0,1,1,0,6,32768.00,0,4
32.711445,7.045446,-7.906148,-53.247215,2.176131,0.937716,49.0745,17.708607,1.130604,0.041212,226.639,4.209964,27.357,0,Vacuum_Cleaner,sess_1775549068914,1775549082701,2146150,1,1,1,0,1,32768.00,0,4
34.343586,5.644374,-9.965349,-52.139465,0.192158,0.703294,1.5806,17.667366,0.568659,0.576865,226.639,4.368348,27.361,0,Vacuum_Cleaner,sess_1775549068914,1775549083026,2146445,1,1,1,0,6,32768.00,0,4
35.705936,10.519321,-4.722191,-51.501099,9.155305,0.215843,4.5805,17.068951,1.277768,0.262765,226.639,4.276519,27.361,0,Vacuum_Cleaner,sess_1775549068914,1775549083094,2146536,1,1,1,0,10,32768.00,0,4
36.910431,4.923915,-16.986437,-52.834991,1.693824,1.159170,8.1059,17.611734,1.254400,0.212489,226.361,4.203822,27.361,0,Vacuum_Cleaner,sess_1775549068914,1775549083178,2146633,0,1,1,0,12,32768.00,0,4
32.876888,5.116559,-10.957011,-50.955246,3.743468,0.617670,18.8020,16.613091,1.062833,0.219263,226.361,4.130083,27.364,0,Vacuum_Cleaner,sess_1775549068914,1775549083584,2146734,1,1,1,0,1,32768.00,0,4
32.819794,12.820473,-2.926341,-50.955078,0.312933,1.186047,2.1112,16.979784,0.492378,0.282020,226.361,4.285310,27.364,0,Vacuum_Cleaner,sess_1775549068914,1775549083612,2147021,1,1,1,0,2,32768.00,0,4
34.689262,13.251608,-1.504140,-43.626534,11.599572,0.748710,68.9924,16.224821,0.746803,0.187840,226.361,4.220914,27.364,0,Vacuum_Cleaner,sess_1775549068914,1775549083665,2147112,1,1,1,0,5,32768.00,0,4
38.545551,5.074172,-10.757791,-52.223621,1.917322,1.189386,31.8916,17.490025,0.995225,0.168110,226.150,4.164147,27.364,0,Vacuum_Cleaner,sess_1775549068914,1775549083776,2147208,1,1,1,0,12,32768.00,0,4
34.932968,9.620497,-5.895165,-44.511013,3.139752,1.380842,3.9493,16.095531,0.990063,0.105709,226.150,4.263069,27.360,0,Vacuum_Cleaner,sess_1775549068914,1775549084112,2147498,1,1,1,0,15,32768.00,0,4
32.287430,6.884172,-13.385238,-48.756145,3.632828,0.262759,3.5919,15.982258,1.223747,0.630915,226.150,4.478240,27.360,0,Vacuum_Cleaner,sess_1775549068914,1775549084139,2147591,1,1,1,0,17,32768.00,0,4
37.964668,13.330659,-1.395891,-52.301693,1.883902,0.896431,59.0268,16.658394,0.922084,0.309726,225.808,4.367278,27.360,0,Vacuum_Cleaner,sess_1775549068914,1775549084237,2147685,1,1,1,0,20,32768.00,0,4
34.681271,12.034740,-3.085577,-45.993355,9.564163,1.370991,37.9248,16.212799,0.977192,0.166014,225.808,4.345298,27.366,0,Vacuum_Cleaner,sess_1775549068914,1775549084551,2147975,1,1,1,0,20,32768.00,0,4
31.753593,12.361290,-2.465206,-52.380669,5.367594,1.319574,58.5254,17.449209,1.081918,0.126535,225.808,4.301311,27.366,0,Vacuum_Cleaner,sess_1775549068914,1775549084619,2148068,1,1,1,0,20,32768.00,0,4
33.535923,11.517186,-2.911276,-51.032768,7.878862,0.749019,55.4426,16.913759,0.781428,0.182053,225.549,4.363956,27.366,0,Vacuum_Cleaner,sess_1775549068914,1775549084717,2148166,1,1,1,0,20,32768.00,0,4
38.506359,10.118504,-4.598650,-51.906982,3.735656,0.253505,55.7812,16.522007,0.780578,0.189518,225.549,4.430120,27.365,0,Vacuum_Cleaner,sess_1775549068914,1775549085053,2148265,1,1,1,0,20,32768.00,0,4
32.858410,10.052724,-6.002046,-51.870899,3.208178,1.265150,35.5947,16.716354,0.443979,0.459431,225.549,4.205362,27.365,0,Vacuum_Cleaner,sess_1775549068914,1775549085081,2148459,1,1,1,0,20,32768.00,0,4
33.941113,4.964816,-10.964891,-50.921417,0.180110,1.197687,1.7275,17.063713,1.425679,0.104919,225.549,4.240660,27.365,0,Vacuum_Cleaner,sess_1775549068914,1775549085108,2148554,1,1,1,0,20,32768.00,0,4
34.338493,9.414511,-5.060473,-50.128273,27.955183,0.917964,85.8834,16.317137,0.810199,0.532146,225.549,4.421193,27.365,0,Vacuum_Cleaner,sess_1775549068914,1775549085202,2148647,1,1,1,0,20,32768.00,0,4
31.352837,10.730675,-4.020418,-51.262321,2.413186,0.114356,54.3498,17.205288,0.959570,0.071764,225.364,4.446575,27.365,0,Vacuum_Cleaner,sess_1775549068914,1775549085300,2148747,1,1,1,0,20,32768.00,0,4
31.849918,13.334539,-2.062265,-51.883423,0.109405,0.340254,0.6039,16.456863,0.410062,0.260132,225.364,4.331370,27.366,0,Vacuum_Cleaner,sess_1775549068914,1775549085590,2149039,1,1,1,0,20,32768.00,0,4
39.859196,4.960032,-12.663660,-52.646645,2.427778,1.323159,23.3353,17.383892,1.163149,0.340337,225.364,4.213439,27.366,0,Vacuum_Cleaner,sess_1775549068914,1775549085698,2149133,1,1,1,0,20,32768.00,0,4
32.542355,4.804550,-13.769352,-52.132816,5.479885,0.859836,4.7773,17.275478,1.180016,0.061180,225.404,4.192817,27.366,0,Vacuum_Cleaner,sess_1775549068914,1775549085809,2149233,1,1,1,0,20,32768.00,0,4
35.421707,9.007219,-6.475877,-46.546257,2.008217,0.667217,4.4209,17.125074,0.855779,0.327102,225.404,4.310580,27.367,0,Vacuum_Cleaner,sess_1775549068914,1775549086124,2149525,1,1,1,0,20,32768.00,0,4
32.896976,7.795788,-7.882481,-46.772583,15.308597,0.897973,14.5158,15.955418,1.320964,0.450394,225.404,4.465898,27.367,0,Vacuum_Cleaner,sess_1775549068914,1775549086177,2149618,1,1,1,0,20,32768.00,0,4
41.349735,11.554394,-3.245807,-52.768478,1.211099,0.749641,63.0900,17.443851,0.416806,0.170225,225.436,4.405081,27.367,0,Vacuum_Cleaner,sess_1775549068914,1775549086274,2149711,1,1,1,0,20,32768.00,0,4
35.274395,9.855949,-5.880096,-46.479454,6.039310,1.342214,6.5453,16.552589,1.118620,0.031873,225.436,4.398348,27.366,0,Vacuum_Cleaner,sess_1775549068914,1775549086592,2150000,1,1,1,0,20,32768.00,0,4
34.498386,11.503399,-3.849051,-47.098598,7.956100,0.855276,9.5809,16.427883,1.005919,0.504594,225.436,4.220798,27.366,0,Vacuum_Cleaner,sess_1775549068914,1775549086646,2150093,1,1,1,0,20,32768.00,0,4
37.223904,4.509949,-11.454346,-51.687542,5.880644,0.552017,21.9719,16.346268,1.123205,0.129734,225.436,4.176991,27.366,0,Vacuum_Cleaner,sess_1775549068914,1775549086754,2150188,1,1,1,0,20,32768.00,0,4
34.590767,7.345378,-7.466588,-51.517998,2.157208,0.142551,47.7180,17.164021,1.132319,0.062383,225.808,4.197837,27.366,0,Vacuum_Cleaner,sess_1775549068914,1775549086838,2150287,1,1,1,0,20,32768.00,0,4
41.724926,12.843180,-2.606540,-49.531902,0.125026,1.046750,0.5659,15.503420,0.689502,0.305358,225.808,4.408834,27.368,0,Vacuum_Cleaner,sess_1775549068914,1775549087110,2150484,1,1,1,0,20,32768.00,0,4
29.826534,12.018858,-3.788108,-49.927620,0.115804,0.956538,1.2411,15.788843,0.832948,0.432550,225.808,4.256270,27.368,0,Vacuum_Cleaner,sess_1775549068914,1775549087123,2150577,1,1,1,0,20,32768.00,0,4
36.939880,5.160135,-13.730269,-50.883732,16.552315,1.410983,19.6952,16.357172,1.209436,0.022389,225.808,4.248647,27.368,0,Vacuum_Cleaner,sess_1775549068914,1775549087231,2150670,1,1,1,0,20,32768.00,0,4
35.579948,4.882307,-15.858470,-51.276649,1.741950,0.970361,5.4028,16.817823,1.303094,0.146410,226.007,4.198883,27.368,0,Vacuum_Cleaner,sess_1775549068914,1775549087315,2150770,0,1,1,0,18,32768.00,0,4
39.785404,7.124062,-8.543668,-47.009445,0.790952,1.685417,40.2374,16.368259,0.599385,0.201309,226.007,4.262694,27.370,0,Vacuum_Cleaner,sess_1775549068914,1775549087649,2151061,1,1,1,0,11,32768.00,0,4
34.629753,11.074659,-4.053283,-46.564259,6.072035,0.431967,9.5456,16.282219,1.062554,0.016200,226.007,4.268219,27.370,0,Vacuum_Cleaner,sess_1775549068914,1775549087703,2151154,1,1,1,0,14,32768.00,0,4
38.278221,11.013013,-3.710254,-50.362495,3.074022,1.420110,15.8269,16.711271,1.006982,0.172540,226.007,4.209303,27.370,0,Vacuum_Cleaner,sess_1775549068914,1775549087811,2151250,1,1,1,0,20,32768.00,0,4
34.754406,9.156962,-6.228611,-45.523544,2.541683,0.371422,75.3898,16.889404,0.637739,0.118024,226.100,4.171547,27.374,0,Vacuum_Cleaner,sess_1775549068914,1775549088145,2151543,1,1,1,0,20,32768.00,0,4
31.327602,9.531195,-6.244223,-43.511749,10.971902,2.005981,5.9589,15.425026,1.462701,0.208214,226.100,4.241034,27.374,0,Vacuum_Cleaner,sess_1775549068914,1775549088198,2151636,1,1,1,0,20,32768.00,0,4
38.117939,8.603128,-5.994782,-51.339397,3.287303,1.040562,27.5771,17.125202,0.699987,0.282955,226.100,4.337036,27.374,0,Vacuum_Cleaner,sess_1775549068914,1775549088306,2151729,1,1,1,0,20,32768.00,0,4
33.690758,4.567362,-12.214247,-52.037209,9.234507,0.659978,18.8423,17.358822,0.789629,0.114860,226.110,4.297184,27.374,0,Vacuum_Cleaner,sess_1775549068914,1775549088391,2151828,1,1,1,0,20,32768.00,0,4
33.486740,8.633189,-7.747303,-44.776848,3.830876,1.691362,2.8039,15.593208,0.925662,0.131603,226.110,4.270353,27.372,0,Vacuum_Cleaner,sess_1775549068914,1775549088645,2152028,1,1,1,0,20,32768.00,0,4
30.632740,12.938672,-2.320812,-49.032562,11.042015,1.313905,2.0602,16.033836,1.253039,0.309821,226.110,4.164509,27.372,0,Vacuum_Cleaner,sess_1775549068914,1775549088671,2152121,1,1,1,0,20,32768.00,0,4
33.992733,4.753513,-11.257582,-50.843292,5.454767,0.542655,8.0625,17.237312,1.110929,0.080888,226.110,4.137560,27.372,0,Vacuum_Cleaner,sess_1775549068914,1775549088780,2152215,1,1,1,0,20,32768.00,0,4
35.659416,4.872782,-23.311707,-49.179630,25.839689,0.086266,9.0724,15.710970,1.167884,0.123559,226.294,4.178459,27.372,0,Vacuum_Cleaner,sess_1775549068914,1775549088865,2152316,1,1,1,0,20,32768.00,0,4
40.033314,4.444037,-12.463135,-50.932762,0.126813,0.435026,46.3317,17.016521,0.085624,0.199889,226.294,4.209008,27.374,0,Vacuum_Cleaner,sess_1775549068914,1775549089149,2152516,1,1,1,0,20,32768.00,0,4
29.881525,4.181969,-11.592202,-49.874844,0.120078,0.806188,3.5350,15.668417,0.463394,0.316198,226.294,4.315479,27.374,0,Vacuum_Cleaner,sess_1775549068914,1775549089163,2152609,1,1,1,0,20,32768.00,0,4
40.410103,12.039399,-2.354672,-53.215363,3.808164,0.893279,39.6859,17.566896,0.657492,0.072301,226.294,4.340440,27.374,0,Vacuum_Cleaner,sess_1775549068914,1775549089258,2152702,1,1,1,0,20,32768.00,0,4
34.377548,12.142927,-2.458177,-51.434750,3.081714,1.576119,54.5044,16.124237,0.506441,0.100064,226.438,4.375185,27.374,0,Vacuum_Cleaner,sess_1775549068914,1775549089366,2152802,1,1,1,0,20,32768.00,0,4
30.835560,10.743623,-4.815188,-49.943005,2.189645,0.354780,1.9622,15.948586,0.992207,0.255041,226.438,4.459314,27.379,0,Vacuum_Cleaner,sess_1775549068914,1775549089662,2153092,1,1,1,0,20,32768.00,0,4
36.737408,10.784258,-4.529061,-49.156677,3.961926,1.309772,183.3673,17.042978,0.978495,0.712090,226.438,4.205278,27.379,0,Vacuum_Cleaner,sess_1775549068914,1775549089743,2153186,1,1,1,0,20,32768.00,0,4
35.412319,12.819934,-1.288776,-49.650402,39.211636,1.734932,46.7794,15.897397,0.935594,0.250203,226.438,4.289453,27.379,0,Vacuum_Cleaner,sess_1775549068914,1775549089839,2153284,1,1,1,0,20,32768.00,0,4
34.496029,13.043456,-1.366531,-50.372738,0.996657,0.751207,30.9641,17.012638,1.019731,0.351136,226.597,4.409947,27.381,0,Vacuum_Cleaner,sess_1775549068914,1775549090188,2153384,1,1,1,0,20,32768.00,0,4
34.657867,5.073991,-11.023417,-51.751942,0.113031,0.224259,46.3630,17.459116,0.175814,0.021690,226.597,4.196105,27.381,0,Vacuum_Cleaner,sess_1775549068914,1775549090216,2153670,1,1,1,0,20,32768.00,0,4
39.192684,4.786536,-19.978588,-50.085480,3.187266,0.892546,61.7317,16.268303,1.023540,0.194980,226.597,4.261558,27.381,0,Vacuum_Cleaner,sess_1775549068914,1775549090324,2153763,0,1,1,0,18,32768.00,0,4
35.518372,5.028082,-11.072702,-50.080112,1.888438,0.918209,20.3810,16.551414,1.137031,0.250502,226.726,4.176156,27.381,0,Vacuum_Cleaner,sess_1775549068914,1775549090435,2153862,1,1,1,0,7,32768.00,0,4
29.040947,11.087470,-3.782493,-49.210709,0.204187,1.433464,67.0242,15.641582,0.544119,0.455803,226.726,4.353780,27.384,0,Vacuum_Cleaner,sess_1775549068914,1775549090806,2154247,1,1,1,0,9,32768.00,0,4
38.870468,4.810144,-19.591482,-51.627892,14.273880,1.174059,3.5158,17.447084,1.430031,0.511667,226.613,4.175564,27.384,0,Vacuum_Cleaner,sess_1775549068914,1775549090900,2154343,1,1,1,0,14,32768.00,0,4
38.694626,4.335195,-12.990561,-52.974388,5.440364,0.923554,18.1802,17.893343,0.585248,0.180679,226.613,4.323638,27.382,0,Vacuum_Cleaner,sess_1775549068914,1775549091165,2154544,1,1,1,0,19,32768.00,0,4
30.806736,12.186911,-2.930468,-50.168919,0.109219,1.461614,1.0821,16.393358,0.972969,0.251926,226.613,4.410777,27.382,0,Vacuum_Cleaner,sess_1775549068914,1775549091192,2154638,1,1,1,0,20,32768.00,0,4
37.951691,11.518780,-3.424508,-49.905457,25.238605,1.266160,17.5566,16.708822,1.005600,0.329055,226.613,4.294666,27.382,0,Vacuum_Cleaner,sess_1775549068914,1775549091286,2154731,1,1,1,0,20,32768.00,0,4
32.410995,10.782150,-4.035153,-50.044830,3.279185,1.015064,8.3943,16.226362,1.101815,0.000675,226.613,4.294434,27.382,0,Vacuum_Cleaner,sess_1775549068914,1775549091381,2154831,1,1,1,0,20,32768.00,0,4
36.144848,9.852448,-5.801704,-37.934677,1.626937,0.613477,0.0000,15.746745,0.550123,0.298074,226.372,4.172355,27.377,0,Vacuum_Cleaner,sess_1775549068914,1775549091690,2155122,1,1,1,0,20,32768.00,0,4
39.078285,4.913353,-10.439986,-51.575165,2.273294,1.343467,23.7368,17.291485,1.383090,0.129923,226.372,4.215722,27.377,0,Vacuum_Cleaner,sess_1775549068914,1775549091771,2155217,1,1,1,0,20,32768.00,0,4
33.917976,4.983401,-11.708244,-52.251129,15.980375,1.132769,16.6048,16.677950,1.097997,0.053526,226.372,4.197670,27.377,0,Vacuum_Cleaner,sess_1775549068914,1775549091880,2155316,1,1,1,0,20,32768.00,0,4
34.501312,4.564031,-10.511581,-51.279251,1.280396,1.013395,17.4958,17.562145,1.056521,0.279537,226.142,4.291543,27.381,0,Vacuum_Cleaner,sess_1775549068914,1775549092195,2155416,1,1,1,0,20,32768.00,0,4
37.659470,5.804884,-10.378642,-50.932449,0.467742,1.666252,3.8546,16.664520,0.380718,0.275544,226.142,4.330894,27.381,0,Vacuum_Cleaner,sess_1775549068914,1775549092411,2155808,1,1,1,0,20,32768.00,0,4
39.837982,12.641883,-2.625780,-48.538815,0.105198,0.436499,1.8609,15.166588,1.018954,0.005915,225.803,4.332944,27.381,0,Vacuum_Cleaner,sess_1775549068914,1775549092452,2155901,1,1,1,0,20,32768.00,0,4
37.985626,9.589465,-6.361612,-39.090454,71.521912,1.230293,97.0272,15.562898,2.336627,0.343231,225.803,4.303869,27.384,0,Vacuum_Cleaner,sess_1775549068914,1775549092907,2156281,1,1,1,0,20,32768.00,0,4
37.977837,12.782435,-2.436177,-47.277672,0.999526,1.441060,2.9184,16.466499,0.906555,0.278877,225.803,4.399889,27.384,0,Vacuum_Cleaner,sess_1775549068914,1775549092934,2156383,1,1,1,0,20,32768.00,0,4
41.665066,10.492086,-4.622286,-39.993179,71.804710,0.615675,18.8338,16.368244,2.287592,0.102128,225.594,4.215052,27.380,0,Vacuum_Cleaner,sess_1775549068914,1775549093435,2156861,1,1,1,0,20,32768.00,0,4
38.710865,11.104656,-3.982566,-33.223579,7.720711,0.877384,0.0000,16.450003,0.719473,0.058047,225.653,4.195478,27.382,0,Vacuum_Cleaner,sess_1775549068914,1775549093505,2156958,1,1,1,0,20,32768.00,0,4
35.429581,12.410687,-2.601393,-48.212723,0.252670,1.238279,0.7322,16.021141,1.316197,0.214573,225.653,4.009224,27.382,0,Vacuum_Cleaner,sess_1775549068914,1775549093943,2157340,1,1,1,0,20,32768.00,0,4
35.991604,9.842049,-6.603696,-45.415569,2.975937,0.152071,69.0783,16.312832,1.077717,0.261693,225.653,4.093160,27.382,0,Vacuum_Cleaner,sess_1775549068914,1775549093983,2157434,1,1,1,0,20,32768.00,0,4
36.556721,8.584282,-7.056441,-49.144398,0.128196,0.141700,2.9648,15.751768,0.592012,0.052041,225.305,4.340995,27.383,0,Vacuum_Cleaner,sess_1775549068914,1775549094415,2157818,1,1,1,0,20,32768.00,0,4
38.207874,4.358730,-15.240042,-51.462940,1.777174,0.993798,82.3660,17.818512,0.568613,0.691288,225.305,4.100924,27.383,0,Vacuum_Cleaner,sess_1775549068914,1775549094470,2157915,0,1,1,0,18,32768.00,0,4
36.975368,9.995652,-4.771512,-43.801888,70.090797,1.073959,31.9190,16.004427,2.265491,0.108968,225.305,4.200208,27.383,0,Vacuum_Cleaner,sess_1775549068914,1775549094887,2158297,1,1,1,0,13,32768.00,0,4
35.290070,5.574379,-13.193495,-47.664162,2.396404,2.063373,68.6510,16.585117,1.036802,0.047369,224.994,4.216125,27.383,0,Vacuum_Cleaner,sess_1775549068914,1775549094971,2158397,1,1,1,0,18,32768.00,0,4
35.960621,6.844641,-9.021091,-43.646339,0.222323,1.318145,0.0000,16.587019,0.428305,0.132237,224.994,4.181372,27.386,0,Vacuum_Cleaner,sess_1775549068914,1775549095250,2158687,1,1,1,0,20,32768.00,0,4
40.457512,4.639817,-10.938172,-51.257248,0.798475,1.028938,22.5462,17.311680,1.237013,0.136944,224.994,4.227181,27.386,0,Vacuum_Cleaner,sess_1775549068914,1775549095331,2158781,1,1,1,0,20,32768.00,0,4
35.313221,4.757486,-13.825890,-50.747456,14.924507,1.609579,6.3575,16.768219,1.178102,0.094166,225.271,4.195336,27.386,0,Vacuum_Cleaner,sess_1775549068914,1775549095439,2158879,1,1,1,0,20,32768.00,0,4
35.924252,4.677500,-16.825470,-50.286983,3.710046,1.111732,13.9297,17.265829,1.294229,0.075266,225.271,4.170075,27.388,0,Vacuum_Cleaner,sess_1775549068914,1775549095757,2158979,0,1,1,0,18,32768.00,0,4
31.415771,10.219164,-5.162540,-50.294449,1.320872,1.154531,1.6597,17.325041,1.160245,0.346045,225.271,4.474169,27.388,0,Vacuum_Cleaner,sess_1775549068914,1775549095784,2159174,1,1,1,0,19,32768.00,0,4
31.414139,11.108088,-4.848092,-49.545383,6.002895,1.325757,3.3802,16.464325,0.704887,0.778470,225.271,4.195528,27.388,0,Vacuum_Cleaner,sess_1775549068914,1775549095838,2159268,1,1,1,0,20,32768.00,0,4
37.266899,4.753805,-14.478650,-50.606857,11.576972,0.777404,13.2561,17.306204,1.209358,0.058892,225.271,4.215294,27.388,0,Vacuum_Cleaner,sess_1775549068914,1775549095919,2159361,1,1,1,0,20,32768.00,0,4
36.401955,4.867738,-17.561838,-49.932140,1.013108,0.994798,18.7915,16.879217,1.238748,0.094526,225.095,4.247171,27.388,0,Vacuum_Cleaner,sess_1775549068914,1775549096017,2159461,0,1,1,0,18,32768.00,0,4
33.336128,9.763105,-5.878534,-46.938667,3.135739,1.423456,4.0746,16.368694,0.748407,0.032620,225.095,4.209381,27.388,0,Vacuum_Cleaner,sess_1775549068914,1775549096323,2159753,1,1,1,0,15,32768.00,0,4
35.329414,9.121956,-5.530586,-51.888752,4.695492,0.214605,12.3645,16.987793,1.048476,0.235008,225.095,4.288520,27.388,0,Vacuum_Cleaner,sess_1775549068914,1775549096405,2159847,1,1,1,0,20,32768.00,0,4
37.362831,4.865131,-13.007016,-50.043198,9.114779,0.542388,3.8159,16.601395,1.071201,0.427627,224.959,4.141809,27.388,0,Vacuum_Cleaner,sess_1775549068914,1775549096489,2159944,1,1,1,0,20,32768.00,0,4
34.472603,6.231559,-9.575576,-50.088978,2.966357,2.461548,34.4949,17.342228,1.020199,0.105094,224.959,4.257745,27.390,0,Vacuum_Cleaner,sess_1775549068914,1775549096849,2160235,1,1,1,0,20,32768.00,0,4
34.776249,9.896093,-5.095648,-47.500641,6.391316,1.030648,1.7087,15.423172,1.198785,0.388617,224.959,4.390116,27.390,0,Vacuum_Cleaner,sess_1775549068914,1775549096876,2160329,1,1,1,0,20,32768.00,0,4
39.440533,11.199879,-3.628661,-50.409588,15.361665,1.306373,37.4578,16.582001,1.083604,0.375022,224.959,4.258405,27.390,0,Vacuum_Cleaner,sess_1775549068914,1775549096985,2160423,1,1,1,0,20,32768.00,0,4
36.255871,9.394289,-5.481886,-50.037922,3.390869,1.326555,4.2198,17.015181,1.124613,0.175492,225.076,4.198619,27.392,0,Vacuum_Cleaner,sess_1775549068914,1775549097349,2160523,1,1,1,0,20,32768.00,0,4
32.464943,10.374732,-5.213508,-48.826694,5.013765,1.062158,1.1329,15.744309,1.168258,0.291027,225.076,4.459525,27.392,0,Vacuum_Cleaner,sess_1775549068914,1775549097377,2160811,1,1,1,0,20,32768.00,0,4
38.594242,10.657499,-4.613426,-39.220989,0.727741,1.068370,0.0000,17.074818,1.069471,0.544123,225.076,4.265402,27.392,0,Vacuum_Cleaner,sess_1775549068914,1775549097458,2160905,1,1,1,0,20,32768.00,0,4
36.466961,12.764997,-1.755845,-50.888947,14.188931,0.600119,54.7461,16.816582,0.932065,0.146867,225.168,4.315518,27.392,0,Vacuum_Cleaner,sess_1775549068914,1775549097556,2161004,1,1,1,0,20,32768.00,0,4
36.520966,11.419930,-4.345697,-49.772106,1.211650,1.781114,19.2654,16.115210,0.528350,0.455432,225.168,4.113016,27.393,0,Vacuum_Cleaner,sess_1775549068914,1775549097815,2161204,1,1,1,0,20,32768.00,0,4
33.856049,11.692815,-3.642817,-45.548286,6.267419,1.283331,64.6916,15.895348,0.939281,0.328665,225.168,4.221160,27.393,0,Vacuum_Cleaner,sess_1775549068914,1775549097869,2161298,1,1,1,0,20,32768.00,0,4
36.473267,4.672571,-17.473299,-49.939445,5.940038,1.072271,7.3902,16.766064,0.806946,0.180652,225.168,4.282166,27.393,0,Vacuum_Cleaner,sess_1775549068914,1775549097951,2161391,0,1,1,0,18,32768.00,0,4
37.982529,4.692572,-11.629475,-49.670334,13.433616,0.904350,5.3752,16.235596,1.029808,0.393337,225.188,4.147418,27.393,0,Vacuum_Cleaner,sess_1775549068914,1775549098045,2161490,1,1,1,0,11,32768.00,0,4
37.028252,9.096986,-6.635228,-49.652885,0.148995,1.420308,0.7998,16.556273,0.400783,0.197266,225.188,4.300559,27.395,0,Vacuum_Cleaner,sess_1775549068914,1775549098307,2161690,1,1,1,0,16,32768.00,0,4
32.164703,12.511958,-2.822432,-49.519863,4.712814,2.761073,2.3400,16.033804,1.273106,0.297465,225.188,4.198217,27.395,0,Vacuum_Cleaner,sess_1775549068914,1775549098333,2161784,1,1,1,0,18,32768.00,0,4
37.815731,6.094466,-8.806900,-52.478210,9.167401,0.969462,10.7005,17.343060,1.081284,0.145250,225.188,4.149434,27.395,0,Vacuum_Cleaner,sess_1775549068914,1775549098442,2161878,1,1,1,0,20,32768.00,0,4
35.694088,4.756203,-11.625772,-50.155102,3.966758,1.537288,17.4285,16.750038,1.156752,0.073266,225.188,4.125113,27.395,0,Vacuum_Cleaner,sess_1775549068914,1775549098536,2161978,1,1,1,0,20,32768.00,0,4
34.506699,7.536200,-8.272038,-51.631660,2.164027,0.674207,52.8442,17.336882,0.564590,0.008981,225.224,4.187974,27.391,0,Vacuum_Cleaner,sess_1775549068914,1775549098889,2162270,1,1,1,0,20,32768.00,0,4
33.760216,8.448713,-7.361075,-48.831955,0.261809,1.723691,1.5689,16.468103,1.406760,0.138755,225.224,4.234463,27.391,0,Vacuum_Cleaner,sess_1775549068914,1775549098915,2162363,1,1,1,0,20,32768.00,0,4
34.807953,9.380265,-5.096300,-50.409225,17.040529,0.613849,86.0187,16.969011,0.645105,0.348517,225.224,4.352526,27.391,0,Vacuum_Cleaner,sess_1775549068914,1775549099010,2162456,1,1,1,0,20,32768.00,0,4
36.161659,5.193650,-11.070429,-53.427715,6.504416,1.093750,76.1783,17.765427,0.854651,0.178491,225.254,4.290375,27.394,0,Vacuum_Cleaner,sess_1775549068914,1775549099095,2162555,1,1,1,0,20,32768.00,0,4
31.315279,10.629578,-5.222574,-50.057961,1.262906,0.833638,22.9392,16.887131,0.433818,0.456887,225.256,4.174846,27.391,0,Vacuum_Cleaner,sess_1775549068914,1775549099947,2163132,1,1,1,0,20,32768.00,0,4
35.229637,12.375366,-3.396192,-49.263840,3.602135,0.240046,57.3030,15.083069,0.461458,0.379331,225.256,4.286470,27.391,0,Vacuum_Cleaner,sess_1775549068914,1775549099963,2163414,1,1,1,0,20,32768.00,0,4
40.137066,5.022943,-15.581163,-52.186924,2.604622,0.590136,13.0640,17.929239,1.015502,0.053952,225.256,4.267969,27.391,0,Vacuum_Cleaner,sess_1775549068914,1775549100085,2163510,0,1,1,0,18,32768.00,0,4
34.143997,4.733451,-11.405886,-50.944691,1.262072,1.526783,14.8462,17.122299,0.974632,0.042567,225.256,4.253435,27.391,0,Vacuum_Cleaner,sess_1775549068914,1775549100166,2163609,1,1,1,0,11,32768.00,0,4
35.697948,4.486150,-10.406318,-49.995312,16.265924,1.592267,11.3832,16.727030,1.045287,0.109239,225.256,4.290606,27.391,0,Vacuum_Cleaner,sess_1775549068914,1775549100261,2163709,1,1,1,0,16,32768.00,0,4
31.488842,4.389393,-17.615028,-48.375191,0.106922,1.161395,8.0949,15.452200,0.337473,0.214503,225.205,4.258160,27.387,0,Vacuum_Cleaner,sess_1775549068914,1775549100546,2164000,0,1,1,0,15,32768.00,0,4
41.238064,8.646859,-5.969440,-51.920288,3.044103,1.046318,62.1558,16.655458,0.568750,0.205106,225.205,4.328030,27.387,0,Vacuum_Cleaner,sess_1775549068914,1775549100657,2164093,1,1,1,0,4,32768.00,0,4
32.717957,10.738766,-3.891995,-51.655689,3.748607,0.141540,57.1283,16.845858,0.670690,0.089682,225.205,4.359082,27.387,0,Vacuum_Cleaner,sess_1775549068914,1775549100765,2164193,1,1,1,0,10,32768.00,0,4
30.389080,13.110804,-2.227195,-51.056778,10.648489,0.569729,1.4271,17.387863,0.736626,0.079281,224.850,4.376434,27.391,0,Vacuum_Cleaner,sess_1775549068914,1775549101128,2164485,1,1,1,0,12,32768.00,0,4
31.175915,9.030306,-6.858953,-51.736816,0.095020,0.642415,0.9731,17.296286,0.710133,0.048463,224.850,4.393402,27.391,0,Vacuum_Cleaner,sess_1775549068914,1775549101144,2164582,1,1,1,0,13,32768.00,0,4
38.993378,7.251675,-7.991809,-51.665047,14.573368,0.432993,26.9192,17.390896,1.326906,0.459226,224.850,4.231997,27.391,0,Vacuum_Cleaner,sess_1775549068914,1775549101240,2164678,1,1,1,0,19,32768.00,0,4
39.356014,4.706987,-23.966938,-49.768211,0.113723,1.011875,49.0924,16.353842,0.057769,0.174124,224.850,4.204580,27.388,0,Vacuum_Cleaner,sess_1775549068914,1775549101511,2164879,0,1,1,0,18,32768.00,0,4
28.047314,4.685602,-17.808411,-50.365871,0.114718,0.654296,14.5239,16.781988,0.278980,0.135981,224.850,4.250319,27.388,0,Vacuum_Cleaner,sess_1775549068914,1775549101525,2164972,0,1,1,0,16,32768.00,0,4
40.538784,8.839419,-5.647004,-51.303829,3.597066,0.320234,62.2322,16.753294,0.696004,0.359323,224.850,4.372499,27.388,0,Vacuum_Cleaner,sess_1775549068914,1775549101620,2165065,1,1,1,0,9,32768.00,0,4
35.744415,4.481221,-12.513162,-52.680984,1.588685,0.626160,47.5432,16.937014,0.952506,0.069915,224.812,4.348042,27.388,0,Vacuum_Cleaner,sess_1775549068914,1775549101731,2165164,1,1,1,0,16,32768.00,0,4
39.508587,4.893081,-11.205385,-50.281685,0.396319,0.003232,26.2859,16.964691,0.328799,0.108848,224.812,4.219150,27.389,0,Vacuum_Cleaner,sess_1775549068914,1775549101993,2165362,1,1,1,0,20,32768.00,0,4
36.319088,5.394281,-10.342253,-50.553047,0.169892,1.195113,1.9430,17.326300,0.603169,0.413922,224.812,4.358862,27.389,0,Vacuum_Cleaner,sess_1775549068914,1775549102007,2165455,1,1,1,0,20,32768.00,0,4
37.770378,12.474195,-1.955866,-51.308022,2.866865,1.257138,45.7180,17.225113,0.616754,0.036713,224.812,4.346060,27.389,0,Vacuum_Cleaner,sess_1775549068914,1775549102102,2165548,1,1,1,0,20,32768.00,0,4
35.271267,9.761172,-5.002361,-51.918148,2.500814,1.047009,62.8089,17.160053,0.684355,0.001166,224.604,4.345655,27.389,0,Vacuum_Cleaner,sess_1775549068914,1775549102213,2165647,1,1,1,0,20,32768.00,0,4
34.269249,10.899862,-4.233527,-48.789169,8.916163,1.201726,8.2826,17.190645,1.133707,0.440195,224.604,4.452069,27.390,0,Vacuum_Cleaner,sess_1775549068914,1775549102507,2165938,1,1,1,0,20,32768.00,0,4
38.813259,4.875339,-12.741598,-51.678883,4.308084,1.443017,54.7983,16.902643,1.084544,0.727402,224.604,4.192993,27.390,0,Vacuum_Cleaner,sess_1775549068914,1775549102588,2166033,1,1,1,0,20,32768.00,0,4
37.870319,12.338506,-2.095406,-49.629002,22.079477,1.273557,38.6249,16.765636,0.942936,0.070348,224.834,4.216591,27.390,0,Vacuum_Cleaner,sess_1775549068914,1775549102683,2166131,1,1,1,0,20,32768.00,0,4
33.992897,13.170937,-1.089706,-49.810204,6.601533,1.631181,36.2480,17.099659,1.008740,0.635715,224.834,4.431036,27.390,0,Vacuum_Cleaner,sess_1775549068914,1775549102781,2166230,1,1,1,0,20,32768.00,0,4
39.155273,4.445910,-13.873781,-48.809147,0.143667,1.051341,24.2074,15.925415,0.523499,0.051685,224.834,4.307709,27.394,0,Vacuum_Cleaner,sess_1775549068914,1775549103046,2166426,1,1,1,0,20,32768.00,0,4
31.399458,10.878210,-7.925944,-49.649033,0.112778,0.352426,0.9877,16.118048,1.126760,0.366989,224.834,4.434180,27.394,0,Vacuum_Cleaner,sess_1775549068914,1775549103073,2166519,1,1,1,0,20,32768.00,0,4
34.914406,12.910810,-1.740296,-49.411694,27.627892,0.219476,58.8812,15.859865,0.907369,0.072212,224.834,4.408564,27.394,0,Vacuum_Cleaner,sess_1775549068914,1775549103167,2166612,1,1,1,0,20,32768.00,0,4
32.721390,11.816850,-2.876481,-49.853706,1.022777,0.598709,47.2670,16.877869,0.947320,0.125959,225.092,4.452988,27.394,0,Vacuum_Cleaner,sess_1775549068914,1775549103265,2166711,1,1,1,0,20,32768.00,0,4
33.992977,5.690112,-11.654680,-48.787457,1.242056,1.135710,7.9369,16.978981,1.001950,0.357184,225.092,4.469771,27.404,0,Vacuum_Cleaner,sess_1775549068914,1775549103575,2167000,1,1,1,0,20,32768.00,0,4
31.705839,12.328667,-2.984271,-50.478703,0.865991,1.394911,73.3385,17.113247,0.876496,0.508071,225.092,4.288094,27.404,0,Vacuum_Cleaner,sess_1775549068914,1775549103643,2167095,1,1,1,0,20,32768.00,0,4
37.083172,8.578197,-6.006090,-38.073887,19.357595,0.731103,0.0000,16.585907,0.637617,0.382532,225.359,4.419321,27.404,0,Vacuum_Cleaner,sess_1775549068914,1775549103741,2167192,1,1,1,0,20,32768.00,0,4
34.279366,4.428270,-13.992651,-50.146385,0.125348,0.159902,68.0069,15.720010,0.066051,0.627775,225.359,4.200900,27.407,0,Vacuum_Cleaner,sess_1775549068914,1775549104032,2167487,1,1,1,0,20,32768.00,0,4
41.656345,4.727493,-10.310439,-50.125076,1.870638,0.699775,32.0259,16.187269,1.087052,0.129466,225.359,4.244410,27.407,0,Vacuum_Cleaner,sess_1775549068914,1775549104140,2167580,1,1,1,0,20,32768.00,0,4
33.869350,4.913779,-10.509615,-50.022041,3.125965,0.701193,14.4731,17.032761,1.021580,0.242781,225.456,4.161973,27.407,0,Vacuum_Cleaner,sess_1775549068914,1775549104248,2167680,1,1,1,0,20,32768.00,0,4
33.916176,9.905543,-4.764915,-45.854412,3.664467,1.377727,13.2968,16.754608,1.144774,0.122733,225.456,4.202837,27.410,0,Vacuum_Cleaner,sess_1775549068914,1775549104544,2167779,1,1,1,0,20,32768.00,0,4
35.367809,13.105712,-2.211564,-46.897625,5.084380,0.781678,12.5182,16.795383,0.959590,0.384400,225.456,4.245003,27.410,0,Vacuum_Cleaner,sess_1775549068914,1775549104571,2167975,1,1,1,0,20,32768.00,0,4
37.360020,11.533504,-8.282417,-30.883619,12.248115,0.931983,0.0000,15.352900,0.735549,0.294555,225.456,4.144972,27.410,0,Vacuum_Cleaner,sess_1775549068914,1775549104624,2168068,1,1,1,0,20,32768.00,0,4
40.938469,4.692968,-10.205869,-50.226799,3.832148,0.078593,20.0121,16.398952,1.132736,0.120471,225.456,4.184920,27.410,0,Vacuum_Cleaner,sess_1775549068914,1775549104732,2168162,1,1,1,0,20,32768.00,0,4
33.635002,4.688409,-11.112923,-50.507133,3.705310,1.332406,19.6095,16.822578,1.198381,0.055484,225.621,4.203496,27.410,0,Vacuum_Cleaner,sess_1775549068914,1775549104816,2168261,1,1,1,0,20,32768.00,0,4
37.527924,10.010403,-5.519895,-43.507477,2.572545,1.933189,63.3749,16.410105,0.510253,0.304984,225.621,4.106340,27.414,0,Vacuum_Cleaner,sess_1775549068914,1775549105049,2168459,1,1,1,0,20,32768.00,0,4
32.733772,10.002860,-4.778782,-46.767883,4.335001,0.906776,7.2274,16.059181,0.879400,0.638312,225.621,4.316031,27.414,0,Vacuum_Cleaner,sess_1775549068914,1775549105103,2168552,1,1,1,0,20,32768.00,0,4
37.605251,12.867093,-1.661853,-50.683994,3.584101,0.954076,23.3704,16.630650,0.764367,0.118613,225.621,4.356986,27.414,0,Vacuum_Cleaner,sess_1775549068914,1775549105211,2168648,1,1,1,0,20,32768.00,0,4
39.417286,4.365465,-12.489733,-52.693306,0.153332,0.556942,2.5785,18.000000,0.361200,0.051066,225.646,4.296250,27.421,0,Vacuum_Cleaner,sess_1775549068914,1775549105635,2168853,1,1,1,0,20,32768.00,0,4
36.504761,10.567110,-5.474836,-51.525162,0.124723,1.033855,0.4070,17.426975,0.383379,0.173954,225.646,4.291842,27.421,0,Vacuum_Cleaner,sess_1775549068914,1775549105850,2169234,1,1,1,0,20,32768.00,0,4
36.617168,6.891560,-9.110071,-49.083519,4.901734,0.471574,48.8873,15.686083,0.561401,0.263571,225.646,4.201345,27.421,0,Vacuum_Cleaner,sess_1775549068914,1775549105878,2169331,1,1,1,0,20,32768.00,0,4
39.362354,5.249120,-9.921237,-49.485947,3.862352,1.305514,5.1572,16.336063,1.016594,0.136851,225.646,4.155349,27.415,0,Vacuum_Cleaner,sess_1775549068914,1775549106177,2169424,1,1,1,0,20,32768.00,0,4
32.588940,11.698349,-2.827162,-39.598194,7.662444,0.573707,36.5538,15.214270,1.050368,0.304878,225.949,4.242320,27.415,0,Vacuum_Cleaner,sess_1775549068914,1775549106392,2169812,1,1,1,0,20,32768.00,0,4
33.855301,9.755602,-5.252779,-47.479343,11.374277,0.238396,4.5086,16.464708,1.400766,0.178141,225.949,4.302778,27.415,0,Vacuum_Cleaner,sess_1775549068914,1775549106475,2169908,1,1,1,0,20,32768.00,0,4
39.612110,4.575348,-21.220915,-43.952118,0.165839,0.071554,0.0000,17.659332,0.069450,0.017153,225.949,4.212484,27.413,0,Vacuum_Cleaner,sess_1775549068914,1775549106907,2170296,0,1,1,0,18,32768.00,0,4
42.140717,4.282712,-15.000205,-51.055656,0.184427,1.276021,19.2725,17.342539,0.509125,0.220614,226.016,4.286831,27.413,0,Vacuum_Cleaner,sess_1775549068914,1775549106935,2170389,1,1,1,0,19,32768.00,0,4
38.115376,10.381246,-4.092649,-42.090626,22.127090,1.471171,0.0000,16.630238,1.145694,0.585427,226.016,4.240077,27.417,0,Vacuum_Cleaner,sess_1775549068914,1775549107397,2170771,1,1,1,0,20,32768.00,0,4
36.940636,6.530788,-9.324504,-51.259274,0.119744,1.096773,20.9916,17.099951,0.435012,0.110289,226.016,4.277488,27.417,0,Vacuum_Cleaner,sess_1775549068914,1775549107424,2170871,1,1,1,0,20,32768.00,0,4
41.503601,8.578279,-7.954693,-43.359657,39.475483,0.723063,19.9354,15.853188,2.354544,0.820600,226.564,4.142783,27.416,0,Vacuum_Cleaner,sess_1775549068914,1775549107891,2171252,1,1,1,0,20,32768.00,0,4
36.770393,11.765685,-3.306826,-49.772278,0.280488,0.443488,47.2080,16.758162,0.487189,0.269658,226.564,4.232154,27.416,0,Vacuum_Cleaner,sess_1775549068914,1775549107918,2171349,1,1,1,0,20,32768.00,0,4
35.050972,9.062554,-5.483629,-45.601383,15.726471,1.193872,23.3626,16.054615,1.046607,0.425503,226.778,4.376218,27.415,0,Vacuum_Cleaner,sess_1775549068914,1775549108180,2171445,1,1,1,0,20,32768.00,0,4
38.570999,8.143843,-7.672960,-48.480667,3.470760,1.185150,7.8571,16.185799,0.364868,0.030114,226.778,4.242505,27.415,0,Vacuum_Cleaner,sess_1775549068914,1775549108386,2171833,1,1,1,0,20,32768.00,0,4
34.599571,4.619142,-13.384284,-49.742504,20.944553,2.690051,8.2484,16.437346,1.233463,0.082968,227.166,4.214345,27.415,0,Vacuum_Cleaner,sess_1775549068914,1775549108481,2171927,1,1,1,0,20,32768.00,0,4
38.855309,6.393020,-9.431153,-52.030540,4.700487,1.204385,1.0295,17.531986,0.664107,0.252908,227.166,4.363442,27.410,0,Vacuum_Cleaner,sess_1775549068914,1775549108749,2172126,1,1,1,0,20,32768.00,0,4
33.989235,13.024889,-2.010072,-50.355156,3.074948,0.415170,1.6362,16.324141,1.085275,0.078345,227.166,4.336094,27.410,0,Vacuum_Cleaner,sess_1775549068914,1775549108776,2172220,1,1,1,0,20,32768.00,0,4
36.035767,5.717629,-11.933489,-50.111603,9.761754,1.336478,21.7516,17.131769,0.983267,0.621103,227.166,4.120640,27.410,0,Vacuum_Cleaner,sess_1775549068914,1775549108870,2172314,1,1,1,0,20,32768.00,0,4
33.645004,5.040232,-11.518677,-50.783463,7.816980,1.134156,8.8478,16.362425,1.083745,0.014857,227.166,4.115743,27.410,0,Vacuum_Cleaner,sess_1775549068914,1775549108979,2172415,1,1,1,0,20,32768.00,0,4
33.275524,7.172237,-8.369531,-47.721474,3.886883,1.091110,48.6091,15.671217,0.928577,0.437513,227.197,4.351087,27.411,0,Vacuum_Cleaner,sess_1775549068914,1775549109308,2172706,1,1,1,0,20,32768.00,0,4
34.459747,9.712926,-6.356552,-46.175938,10.239033,2.306974,9.2376,16.927940,1.389770,0.223427,227.197,4.273315,27.411,0,Vacuum_Cleaner,sess_1775549068914,1775549109361,2172799,1,1,1,0,20,32768.00,0,4
35.843044,11.023809,-3.492485,-51.234840,3.679875,0.154459,43.2632,17.411798,0.646660,0.264236,227.197,4.363648,27.411,0,Vacuum_Cleaner,sess_1775549068914,1775549109442,2172892,1,1,1,0,20,32768.00,0,4
32.484283,12.980247,-2.101411,-47.495617,4.209203,1.457443,5.5895,16.709812,0.778817,0.058905,227.490,4.349409,27.411,0,Vacuum_Cleaner,sess_1775549068914,1775549109795,2173184,1,1,1,0,20,32768.00,0,4
32.147919,5.822237,-10.099220,-48.479229,6.953164,1.069394,40.8380,16.700260,0.896156,0.139082,227.490,4.301015,27.411,0,Vacuum_Cleaner,sess_1775549068914,1775549109848,2173279,1,1,1,0,20,32768.00,0,4
37.310520,4.723660,-12.900532,-51.556072,3.545418,0.772334,5.0627,16.831306,0.774878,0.070060,227.490,4.325121,27.411,0,Vacuum_Cleaner,sess_1775549068914,1775549109930,2173372,1,1,1,0,20,32768.00,0,4
35.786331,7.189982,-7.784278,-50.290226,4.730494,1.567257,15.7576,16.684078,0.864083,0.300204,227.490,4.221248,27.411,0,Vacuum_Cleaner,sess_1775549068914,1775549110025,2173471,1,1,1,0,20,32768.00,0,4
32.773090,4.996275,-10.924621,-49.966797,0.134905,1.593501,23.3619,16.873581,0.230807,0.164245,227.538,4.233394,27.415,0,Vacuum_Cleaner,sess_1775549068914,1775549110307,2173762,1,1,1,0,20,32768.00,0,4
38.404625,4.865833,-16.453293,-50.647079,4.232856,0.317465,78.9837,16.742531,1.004218,0.140195,227.538,4.280874,27.415,0,Vacuum_Cleaner,sess_1775549068914,1775549110415,2173854,0,1,1,0,18,32768.00,0,4
34.762257,5.227966,-11.612645,-50.376019,2.256200,0.974443,9.6197,16.971258,1.179845,0.286412,227.538,4.182786,27.415,0,Vacuum_Cleaner,sess_1775549068914,1775549110523,2173953,1,1,1,0,9,32768.00,0,4
31.213247,10.682461,-4.774045,-50.401398,0.108916,1.518770,0.7981,16.889364,0.683002,0.639284,227.746,4.412510,27.425,0,Vacuum_Cleaner,sess_1775549068914,1775549110783,2174246,1,1,1,0,13,32768.00,0,4
39.194191,12.811556,-1.894876,-51.919640,2.504942,1.201904,32.7418,17.206348,0.715206,0.114727,227.746,4.372012,27.425,0,Vacuum_Cleaner,sess_1775549068914,1775549110905,2174339,1,1,1,0,20,32768.00,0,4
36.383007,10.004852,-4.742436,-50.727409,3.382166,1.286939,31.1333,17.193598,0.681229,0.000104,227.746,4.371975,27.425,0,Vacuum_Cleaner,sess_1775549068914,1775549111013,2174437,1,1,1,0,20,32768.00,0,4
39.617668,8.604481,-13.503706,-44.395203,15.476576,0.650734,7.2711,16.281721,1.291948,0.011512,227.955,4.308361,27.427,0,Vacuum_Cleaner,sess_1775549068914,1775549111502,2174915,1,1,1,0,20,32768.00,0,4
34.086655,13.365060,-1.491643,-45.118355,8.724508,1.124471,88.1096,16.878908,0.832322,0.564456,227.955,4.113810,27.429,0,Vacuum_Cleaner,sess_1775549068914,1775549111781,2175012,1,1,1,0,20,32768.00,0,4
37.764774,10.188884,-5.147820,-42.242413,7.206950,0.930213,8.3712,16.125528,1.074844,0.088975,227.955,4.274891,27.429,0,Vacuum_Cleaner,sess_1775549068914,1775549111808,2175206,1,1,1,0,20,32768.00,0,4
34.444489,9.665001,-6.157903,-45.086815,10.320603,1.039057,18.2955,15.432854,1.509064,0.003143,227.955,4.275966,27.429,0,Vacuum_Cleaner,sess_1775549068914,1775549111861,2175300,1,1,1,0,20,32768.00,0,4
36.588650,13.413954,-1.017636,-36.445492,3.703470,1.415152,0.0000,16.828905,0.691003,0.172251,227.955,4.334889,27.429,0,Vacuum_Cleaner,sess_1775549068914,1775549111969,2175394,1,1,1,0,20,32768.00,0,4
38.160721,12.328423,-2.061935,-53.121090,6.408276,0.734308,24.0255,17.663078,0.670992,0.107856,228.310,4.372293,27.429,0,Vacuum_Cleaner,sess_1775549068914,1775549112053,2175493,1,1,1,0,20,32768.00,0,4
35.259144,11.682274,-4.194394,-50.095348,2.551471,1.405310,4.1727,17.093983,0.368827,0.444240,228.310,4.233756,27.433,0,Vacuum_Cleaner,sess_1775549068914,1775549112314,2175694,1,1,1,0,20,32768.00,0,4
35.753502,10.996325,-4.750898,-48.427319,0.180714,1.203533,52.9776,16.224863,1.013218,0.269946,228.310,4.142325,27.433,0,Vacuum_Cleaner,sess_1775549068914,1775549112340,2175788,1,1,1,0,20,32768.00,0,4
35.060730,4.797489,-15.658737,-48.571976,7.319298,1.964625,19.9218,16.215414,0.937351,0.342679,228.310,4.255884,27.433,0,Vacuum_Cleaner,sess_1775549068914,1775549112435,2175881,1,1,1,0,20,32768.00,0,4
34.474205,4.629994,-14.829597,-49.345848,17.166584,0.576084,62.4400,16.482376,0.865363,0.113361,228.410,4.217288,27.433,0,Vacuum_Cleaner,sess_1775549068914,1775549112533,2175981,1,1,1,0,20,32768.00,0,4
39.292988,6.076919,-9.854611,-49.710770,0.209876,0.615206,8.4293,16.741951,0.518808,0.091628,228.410,4.350930,27.432,0,Vacuum_Cleaner,sess_1775549068914,1775549112801,2176180,1,1,1,0,20,32768.00,0,4
31.915691,12.712350,-2.490915,-49.308937,0.113963,0.852093,1.7881,16.079823,0.870065,0.175172,228.410,4.411903,27.432,0,Vacuum_Cleaner,sess_1775549068914,1775549112828,2176274,1,1,1,0,20,32768.00,0,4
37.029640,11.246214,-3.712116,-50.236595,27.112249,1.015131,14.8652,16.871004,1.076660,0.347621,228.410,4.289209,27.432,0,Vacuum_Cleaner,sess_1775549068914,1775549112922,2176367,1,1,1,0,20,32768.00,0,4
32.758884,9.919883,-4.985666,-51.378330,3.080230,0.458597,7.8894,17.713505,1.156328,0.025415,228.410,4.280488,27.432,0,Vacuum_Cleaner,sess_1775549068914,1775549113017,2176467,1,1,1,0,20,32768.00,0,4
33.924248,12.837317,-2.532799,-49.653343,2.940144,1.186244,1.4700,16.451700,0.563734,0.068622,228.439,4.279724,27.438,0,Vacuum_Cleaner,sess_1775549068914,1775549113374,2176757,1,1,1,0,20,32768.00,0,4
33.333733,7.446320,-8.452852,-42.101612,10.765897,1.707314,0.0000,15.292040,0.770221,0.090270,228.439,4.248817,27.438,0,Vacuum_Cleaner,sess_1775549068914,1775549113400,2176851,1,1,1,0,20,32768.00,0,4
36.420937,5.018706,-14.843710,-49.542885,1.762354,1.063040,17.2867,16.591242,1.192416,0.041294,228.439,4.234781,27.438,0,Vacuum_Cleaner,sess_1775549068914,1775549113495,2176943,1,1,1,0,20,32768.00,0,4
32.519489,5.053998,-16.289982,-50.440186,15.026108,0.942061,16.5128,16.948618,1.170404,0.095424,228.210,4.267109,27.438,0,Vacuum_Cleaner,sess_1775549068914,1775549113593,2177042,1,1,1,0,20,32768.00,0,4
35.150063,13.814534,-1.455265,-44.162197,1.609672,1.101020,135.5213,16.344933,0.489780,0.266149,228.210,4.195511,27.434,0,Vacuum_Cleaner,sess_1775549068914,1775549113912,2177330,1,1,1,0,20,32768.00,0,4
34.584312,8.437956,-6.588188,-49.106117,4.336341,1.292037,3.3990,16.766285,1.171552,0.142962,228.210,4.147527,27.434,0,Vacuum_Cleaner,sess_1775549068914,1775549113979,2177424,1,1,1,0,20,32768.00,0,4
35.152641,10.750439,-3.787730,-50.053902,14.081150,1.233372,11.2120,16.746708,1.006837,0.065002,228.210,4.169095,27.434,0,Vacuum_Cleaner,sess_1775549068914,1775549114074,2177522,1,1,1,0,20,32768.00,0,4
29.486618,4.369029,-13.273902,-49.941299,0.094634,0.775771,2.4145,16.150215,0.043405,0.065943,227.672,4.163390,27.440,0,Vacuum_Cleaner,sess_1775549068914,1775549114364,2177816,1,1,1,0,20,32768.00,0,4
38.881104,10.006899,-4.314631,-51.366123,7.359138,1.213130,60.7464,17.338064,0.764775,0.596941,227.672,4.362214,27.440,0,Vacuum_Cleaner,sess_1775549068914,1775549114472,2177910,1,1,1,0,20,32768.00,0,4
32.674751,5.594517,-9.421389,-50.977482,0.536462,1.020673,33.7719,16.802933,0.879258,0.220583,227.672,4.285235,27.440,0,Vacuum_Cleaner,sess_1775549068914,1775549114580,2178009,1,1,1,0,20,32768.00,0,4
30.796257,4.881821,-12.023199,-48.605293,3.799093,0.803771,34.9086,17.218485,0.593550,0.070540,227.197,4.209698,27.443,0,Vacuum_Cleaner,sess_1775549068914,1775549114910,2178298,1,1,1,0,20,32768.00,0,4
32.076664,6.530546,-11.110294,-48.462257,4.528576,1.310667,0.8231,15.811137,1.173053,0.776165,227.197,4.471093,27.443,0,Vacuum_Cleaner,sess_1775549068914,1775549114937,2178391,1,1,1,0,20,32768.00,0,4
36.837059,12.177324,-2.383231,-34.255577,20.902313,1.636940,0.0000,16.833384,1.059375,0.094139,227.197,4.437420,27.443,0,Vacuum_Cleaner,sess_1775549068914,1775549115047,2178484,1,1,1,0,20,32768.00,0,4
33.789581,12.835174,-1.742640,-50.677013,2.226815,0.886812,46.8934,16.918198,0.880936,0.107530,226.777,4.399248,27.450,0,Vacuum_Cleaner,sess_1775549068914,1775549115368,2178584,1,1,1,0,20,32768.00,0,4
33.887634,4.345563,-15.880676,-51.174511,0.158524,1.259893,3.5928,17.242565,0.873025,0.322305,226.777,4.401271,27.450,0,Vacuum_Cleaner,sess_1775549068914,1775549115394,2178781,1,1,1,0,20,32768.00,0,4
34.218876,11.090290,-4.216133,-49.151936,4.178675,1.535021,4.6321,15.555986,1.021599,0.090825,226.777,4.433250,27.450,0,Vacuum_Cleaner,sess_1775549068914,1775549115421,2178874,1,1,1,0,20,32768.00,0,4
35.709850,12.832861,-1.940779,-50.569897,16.343208,1.334644,53.5881,16.812603,0.980898,0.338237,226.777,4.313291,27.450,0,Vacuum_Cleaner,sess_1775549068914,1775549115530,2178967,1,1,1,0,20,32768.00,0,4
32.851852,11.780313,-2.758538,-47.170708,2.535491,0.829988,15.8464,17.022985,1.062999,0.323469,226.371,4.201674,27.450,0,Vacuum_Cleaner,sess_1775549068914,1775549115624,2179067,1,1,1,0,20,32768.00,0,4
33.842201,9.620565,-6.079045,-51.098446,0.166350,0.024188,2.2171,17.623903,0.240750,0.000004,226.371,4.193966,27.451,0,Vacuum_Cleaner,sess_1775549068914,1775549115927,2179361,1,1,1,0,20,32768.00,0,4
38.491856,7.748332,-6.775464,-50.378365,5.954494,1.320696,4.2014,16.647198,1.014735,0.525102,226.371,4.370147,27.451,0,Vacuum_Cleaner,sess_1775549068914,1775549116008,2179455,1,1,1,0,20,32768.00,0,4
34.451397,4.371662,-11.947500,-50.764576,2.449672,0.084534,19.2027,16.633265,0.914778,0.120917,226.371,4.327873,27.451,0,Vacuum_Cleaner,sess_1775549068914,1775549116117,2179554,1,1,1,0,20,32768.00,0,4
36.790447,8.131526,-7.526225,-49.275173,8.360343,1.007916,3.1306,16.692312,1.330220,0.217087,226.076,4.459524,27.454,0,Vacuum_Cleaner,sess_1775549068914,1775549116425,2179845,1,1,1,0,20,32768.00,0,4
34.813869,12.266806,-2.590872,-49.636837,8.737849,0.781957,49.8369,16.387785,0.809293,0.200569,226.076,4.387968,27.454,0,Vacuum_Cleaner,sess_1775549068914,1775549116492,2179938,1,1,1,0,20,32768.00,0,4
35.945435,5.518241,-10.514951,-33.646969,3.036062,1.378136,0.0000,17.468462,0.895404,0.114173,226.076,4.347889,27.454,0,Vacuum_Cleaner,sess_1775549068914,1775549116587,2180036,1,1,1,0,20,32768.00,0,4
40.725807,4.753939,-11.095796,-49.376339,4.326062,0.885094,35.3985,16.857510,1.192072,0.348214,225.843,4.226769,27.451,0,Vacuum_Cleaner,sess_1775549068914,1775549116920,2180134,1,1,1,0,20,32768.00,0,4
35.880760,11.821771,-3.771177,-51.069679,0.098338,1.385321,1.3840,17.421211,0.491747,0.163608,225.843,4.322885,27.451,0,Vacuum_Cleaner,sess_1775549068914,1775549116947,2180328,1,1,1,0,20,32768.00,0,4
29.385174,9.697416,-6.213546,-50.148659,9.958734,0.790024,38.2226,17.142143,0.499087,0.351619,225.843,4.201283,27.451,0,Vacuum_Cleaner,sess_1775549068914,1775549116973,2180422,1,1,1,0,20,32768.00,0,4
33.846210,4.544349,-17.409315,-48.211540,0.911366,1.016285,20.3983,15.314571,1.212520,0.131545,225.843,4.245496,27.451,0,Vacuum_Cleaner,sess_1775549068914,1775549117068,2180515,0,1,1,0,18,32768.00,0,4
35.897289,4.902455,-10.853090,-48.164860,28.088942,1.444937,1.4358,16.194149,0.944588,0.085851,225.538,4.216338,27.451,0,Vacuum_Cleaner,sess_1775549068914,1775549117167,2180615,1,1,1,0,9,32768.00,0,4
41.094082,4.553054,-13.015862,-50.964211,0.104338,0.767523,48.0898,17.642681,0.110177,0.031057,225.538,4.199654,27.452,0,Vacuum_Cleaner,sess_1775549068914,1775549117446,2180815,1,1,1,0,13,32768.00,0,4
35.070183,4.221443,-14.341765,-50.331745,0.150630,0.184771,1.2152,16.861393,0.508024,0.269288,225.538,4.290127,27.452,0,Vacuum_Cleaner,sess_1775549068914,1775549117459,2180908,1,1,1,0,14,32768.00,0,4
37.248615,11.202190,-3.280968,-51.222630,2.311298,0.979331,49.4043,17.276188,0.766839,0.391537,225.538,4.424507,27.452,0,Vacuum_Cleaner,sess_1775549068914,1775549117554,2181001,1,1,1,0,19,32768.00,0,4
36.686501,7.138749,-7.865005,-51.207214,5.482049,0.514956,93.9308,17.790024,0.815795,0.222281,225.538,4.345828,27.452,0,Vacuum_Cleaner,sess_1775549068914,1775549117662,2181100,1,1,1,0,20,32768.00,0,4
37.479435,9.774759,-5.786770,-47.228199,5.656070,0.600695,17.7267,17.003946,1.345769,0.046070,225.306,4.254152,27.460,0,Vacuum_Cleaner,sess_1775549068914,1775549117993,2181389,1,1,1,0,20,32768.00,0,4
34.827526,10.685389,-4.280131,-42.881123,21.396030,0.302090,15.1835,16.078506,1.099260,0.412482,225.306,4.394534,27.460,0,Vacuum_Cleaner,sess_1775549068914,1775549118046,2181483,1,1,1,0,20,32768.00,0,4
35.776459,12.611928,-2.189413,-51.502754,2.135392,0.448434,55.4986,17.404310,0.973631,0.282491,225.306,4.295220,27.460,0,Vacuum_Cleaner,sess_1775549068914,1775549118127,2181576,1,1,1,0,20,32768.00,0,4
38.968174,13.018095,-1.272335,-33.573372,17.105644,1.076677,0.0000,17.515682,0.972023,0.202975,225.260,4.364966,27.460,0,Vacuum_Cleaner,sess_1775549068914,1775549118418,2181675,1,1,1,0,20,32768.00,0,4
32.684654,7.793762,-8.042033,-50.241631,4.217433,0.443786,1.0151,16.551376,0.992283,0.008616,225.260,4.294129,27.460,0,Vacuum_Cleaner,sess_1775549068914,1775549118445,2181872,1,1,1,0,20,32768.00,0,4
40.913322,11.868796,-3.163321,-53.531151,1.716595,1.036913,46.4620,16.660021,0.947688,0.039218,225.260,4.280656,27.460,0,Vacuum_Cleaner,sess_1775549068914,1775549118527,2181967,1,1,1,0,20,32768.00,0,4
39.865154,8.831944,-5.723354,-40.169907,26.059034,1.324234,0.0000,17.302549,0.809689,0.590921,225.260,4.483019,27.460,0,Vacuum_Cleaner,sess_1775549068914,1775549118621,2182064,1,1,1,0,20,32768.00,0,4
36.961708,5.157866,-11.616530,-53.858189,1.788605,0.922829,6.4578,17.726048,0.994570,0.179079,225.246,4.418794,27.460,0,Vacuum_Cleaner,sess_1775549068914,1775549118716,2182163,1,1,1,0,20,32768.00,0,4
33.655972,11.468454,-3.917194,-44.215492,19.232004,1.487261,40.7054,15.605115,1.418571,0.419591,225.246,4.437081,27.462,0,Vacuum_Cleaner,sess_1775549068914,1775549119138,2182552,1,1,1,0,20,32768.00,0,4
36.454590,12.547228,-2.316969,-47.671364,7.104374,0.418392,35.0034,16.999107,0.690243,0.547593,225.246,4.242703,27.462,0,Vacuum_Cleaner,sess_1775549068914,1775549119218,2182647,1,1,1,0,20,32768.00,0,4
36.320026,12.934618,-1.776601,-46.717587,80.595741,3.437074,2.2478,16.127466,2.457918,0.153520,225.291,4.369720,27.462,0,Vacuum_Cleaner,sess_1775549068914,1775549119668,2183030,1,1,1,0,20,32768.00,0,4
40.242527,7.883389,-8.404046,-51.415474,0.107519,1.133590,42.6297,17.333193,0.179184,0.427056,225.291,4.220430,27.462,0,Vacuum_Cleaner,sess_1775549068914,1775549119696,2183131,1,1,1,0,20,32768.00,0,4
32.394600,9.197412,-7.060795,-42.489971,40.609150,0.904038,13.1609,15.352446,1.786222,0.075468,225.513,4.354710,27.459,0,Vacuum_Cleaner,sess_1775549068914,1775549120176,2183609,1,1,1,0,20,32768.00,0,4
34.905579,10.210113,-5.421105,-48.898239,7.170126,0.088640,59.8922,16.538603,0.570460,0.747746,225.513,4.094212,27.454,0,Vacuum_Cleaner,sess_1775549068914,1775549120454,2183704,1,1,1,0,20,32768.00,0,4
36.772709,4.481681,-20.632824,-42.123642,0.218169,0.172260,0.0000,16.755760,0.036206,0.376245,225.651,4.199436,27.454,0,Vacuum_Cleaner,sess_1775549068914,1775549120693,2184088,0,1,1,0,18,32768.00,0,4
34.115879,4.191924,-12.679728,-49.864204,0.913547,0.576504,30.7437,16.446611,0.715741,0.429299,225.651,4.343662,27.454,0,Vacuum_Cleaner,sess_1775549068914,1775549120736,2184181,1,1,1,0,15,32768.00,0,4
39.648903,4.578828,-21.609430,-40.656399,0.126525,0.197203,0.0000,17.966892,0.030348,0.103432,225.651,4.219264,27.461,0,Vacuum_Cleaner,sess_1775549068914,1775549121191,2184570,0,1,1,0,15,32768.00,0,4
40.994160,8.473045,-7.341772,-50.758129,0.095738,1.683006,30.5213,17.474434,0.489930,0.056863,225.639,4.238458,27.461,0,Vacuum_Cleaner,sess_1775549068914,1775549121218,2184662,1,1,1,0,16,32768.00,0,4
42.577042,12.475851,-2.058042,-49.106327,1.079166,0.241400,52.4023,16.513033,0.862509,0.316778,225.639,4.314598,27.464,0,Vacuum_Cleaner,sess_1775549068914,1775549121653,2185040,1,1,1,0,20,32768.00,0,4
35.740944,10.061008,-5.564567,-47.184082,3.800666,1.111095,15.6331,16.153950,1.656270,0.363794,225.639,4.189027,27.464,0,Vacuum_Cleaner,sess_1775549068914,1775549121694,2185138,1,1,1,0,20,32768.00,0,4
32.032978,11.986736,-2.858485,-42.258495,32.200001,0.997602,50.8840,16.102821,1.817127,0.096181,225.610,4.235913,27.467,0,Vacuum_Cleaner,sess_1775549068914,1775549122164,2185430,1,1,1,0,20,32768.00,0,4
39.587791,7.928153,-8.044913,-49.519115,0.084322,0.207784,36.4484,16.604294,0.068151,0.078341,225.588,4.235689,27.467,0,Vacuum_Cleaner,sess_1775549068914,1775549122446,2185815,1,1,1,0,20,32768.00,0,4
37.973881,12.040041,-2.677573,-50.645313,0.103315,1.554224,69.4593,17.600470,1.371364,0.414939,225.588,4.376294,27.467,0,Vacuum_Cleaner,sess_1775549068914,1775549122462,2185904,1,1,1,0,20,32768.00,0,4
34.016506,6.881173,-9.044912,-50.640064,0.098313,0.933528,38.3050,17.306870,0.663254,0.167431,225.588,4.215166,27.468,0,Vacuum_Cleaner,sess_1775549068914,1775549122842,2186288,1,1,1,0,20,32768.00,0,4
35.031284,4.512410,-13.797892,-50.771019,4.819211,0.347252,7.7551,17.507326,1.234409,0.124227,225.588,4.257057,27.468,0,Vacuum_Cleaner,sess_1775549068914,1775549122938,2186384,1,1,1,0,20,32768.00,0,4
31.490568,12.171791,-3.081998,-50.837292,2.103466,0.895625,1.3033,17.016731,0.736555,0.486530,225.538,4.421490,27.470,0,Vacuum_Cleaner,sess_1775549068914,1775549123226,2186677,1,1,1,0,20,32768.00,0,4
39.464508,11.050115,-4.092792,-52.124172,1.683473,1.214928,7.4745,17.409637,1.069224,0.442738,225.538,4.264885,27.470,0,Vacuum_Cleaner,sess_1775549068914,1775549123334,2186770,1,1,1,0,20,32768.00,0,4
32.960052,13.146037,-1.315838,-50.433582,2.433647,1.399314,57.9200,17.086027,0.605127,0.193688,225.538,4.330970,27.470,0,Vacuum_Cleaner,sess_1775549068914,1775549123442,2186869,1,1,1,0,20,32768.00,0,4
33.572502,10.011389,-5.952658,-49.228741,4.332509,1.059635,49.6485,16.232246,0.523797,0.368643,225.515,4.154121,27.471,0,Vacuum_Cleaner,sess_1775549068914,1775549123722,2187162,1,1,1,0,20,32768.00,0,4
37.603737,10.951896,-3.221213,-49.890896,5.083422,1.381206,61.8313,16.967655,0.612828,0.840962,225.515,4.433599,27.471,0,Vacuum_Cleaner,sess_1775549068914,1775549123830,2187258,1,1,1,0,20,32768.00,0,4
32.088287,7.997291,-6.883388,-51.091228,1.544182,0.676519,38.1315,16.568396,0.858102,0.048166,225.515,4.450683,27.471,0,Vacuum_Cleaner,sess_1775549068914,1775549123911,2187357,1,1,1,0,20,32768.00,0,4
33.060326,9.357762,-5.381833,-51.377281,16.455021,0.383462,51.1706,16.577389,0.971412,0.190866,225.440,4.518641,27.471,0,Vacuum_Cleaner,sess_1775549068914,1775549124009,2187457,1,1,1,0,20,32768.00,0,4
28.870743,13.253236,-2.068810,-51.730415,0.131650,1.305425,1.3929,17.703793,0.607808,0.357740,225.440,4.409644,27.466,0,Vacuum_Cleaner,sess_1775549068914,1775549124308,2187749,1,1,1,0,20,32768.00,0,4
42.606991,4.915518,-10.421357,-51.635056,3.633693,1.535892,28.2757,17.166367,1.251501,0.565735,225.440,4.210068,27.466,0,Vacuum_Cleaner,sess_1775549068914,1775549124416,2187843,1,1,1,0,20,32768.00,0,4
35.947277,8.603429,-6.159899,-51.681046,8.129535,1.339806,35.8587,17.245455,1.086277,0.105161,225.440,4.174649,27.466,0,Vacuum_Cleaner,sess_1775549068914,1775549124497,2187942,1,1,1,0,20,32768.00,0,4
38.509296,13.287544,-1.763202,-49.141212,0.107880,0.008953,1.8339,16.431908,0.686773,0.152872,225.456,4.328861,27.463,0,Vacuum_Cleaner,sess_1775549068914,1775549124752,2188140,1,1,1,0,20,32768.00,0,4
29.806019,9.162247,-7.843429,-50.503811,0.106972,1.239776,44.3145,16.814091,0.732745,0.680134,225.456,4.093324,27.463,0,Vacuum_Cleaner,sess_1775549068914,1775549124779,2188233,1,1,1,0,20,32768.00,0,4
37.384693,5.138288,-18.206007,-49.809830,26.728722,0.915397,15.2995,16.757097,1.103397,0.471278,225.456,4.247652,27.463,0,Vacuum_Cleaner,sess_1775549068914,1775549124888,2188326,1,1,1,0,20,32768.00,0,4
34.772907,4.439091,-13.643594,-51.635021,2.236853,0.989912,16.0110,17.112671,1.305669,0.199366,225.456,4.179904,27.463,0,Vacuum_Cleaner,sess_1775549068914,1775549124982,2188425,1,1,1,0,20,32768.00,0,4
33.784756,9.529160,-5.891332,-49.582634,7.501677,0.803724,1.5760,16.982218,0.718222,0.220274,225.823,4.221671,27.460,0,Vacuum_Cleaner,sess_1775549068914,1775549125297,2188717,1,1,1,0,20,32768.00,0,4
34.805420,10.876390,-3.998037,-49.766979,5.526012,0.059484,7.4570,17.042681,1.121896,0.181967,225.823,4.283127,27.460,0,Vacuum_Cleaner,sess_1775549068914,1775549125367,2188810,1,1,1,0,20,32768.00,0,4
34.832500,4.837451,-13.999557,-50.069305,1.159506,1.018069,12.5546,16.232508,1.153493,0.201277,225.823,4.214159,27.460,0,Vacuum_Cleaner,sess_1775549068914,1775549125462,2188907,1,1,1,0,20,32768.00,0,4
36.646042,9.819641,-5.417554,-43.374184,11.235649,0.979650,5.2293,15.726905,1.548307,0.407149,225.823,4.364817,27.464,0,Vacuum_Cleaner,sess_1775549068914,1775549125797,2189199,1,1,1,0,20,32768.00,0,4
34.828739,7.602044,-7.799945,-48.341679,6.381179,0.339120,10.4673,15.929886,1.098192,0.340817,226.253,4.483826,27.464,0,Vacuum_Cleaner,sess_1775549068914,1775549125853,2189293,1,1,1,0,20,32768.00,0,4
39.009129,8.186710,-7.166464,-52.404800,3.100974,0.866410,42.2733,17.378395,1.084189,0.717471,226.253,4.226464,27.464,0,Vacuum_Cleaner,sess_1775549068914,1775549125961,2189388,1,1,1,0,20,32768.00,0,4
33.876926,10.899487,-3.662270,-50.592209,6.581169,1.005024,53.6422,16.438946,0.863873,0.066393,226.253,4.248912,27.463,0,Vacuum_Cleaner,sess_1775549068914,1775549126239,2189487,1,1,1,0,20,32768.00,0,4
34.206356,8.748969,-6.551719,-45.137596,1.938055,0.483090,18.1467,16.118546,1.204241,0.506896,226.253,4.364511,27.463,0,Vacuum_Cleaner,sess_1775549068914,1775549126266,2189683,1,1,1,0,20,32768.00,0,4
36.959557,12.822079,-2.203694,-37.662918,8.829576,0.485261,0.0000,16.234777,0.770083,0.413555,226.900,4.220113,27.463,0,Vacuum_Cleaner,sess_1775549068914,1775549126323,2189777,1,1,1,0,20,32768.00,0,4
39.895741,4.999117,-10.868150,-50.713455,4.719565,1.489986,87.9619,16.790304,0.858792,0.251753,226.900,4.305107,27.463,0,Vacuum_Cleaner,sess_1775549068914,1775549126431,2189874,1,1,1,0,20,32768.00,0,4
35.427128,4.497772,-12.918963,-50.222916,2.165270,0.303515,31.6915,16.692112,1.134412,0.254966,226.900,4.217294,27.463,0,Vacuum_Cleaner,sess_1775549068914,1775549126539,2189973,1,1,1,0,20,32768.00,0,4
35.100487,12.267710,-3.233643,-50.186611,0.751435,0.942607,1.8254,17.353449,0.596147,0.269787,226.900,4.248538,27.459,0,Vacuum_Cleaner,sess_1775549068914,1775549126779,2190168,1,1,1,0,20,32768.00,0,4
32.554974,5.881771,-9.796224,-47.409763,4.703123,1.205838,22.6457,16.202463,1.327935,0.356859,227.424,4.369828,27.459,0,Vacuum_Cleaner,sess_1775549068914,1775549126832,2190263,1,1,1,0,20,32768.00,0,4
37.306137,4.452923,-11.067195,-50.587708,5.244430,1.152514,35.8907,16.994160,0.618165,0.042150,227.424,4.355093,27.459,0,Vacuum_Cleaner,sess_1775549068914,1775549126917,2190356,1,1,1,0,20,32768.00,0,4
38.663246,4.697640,-15.985058,-49.253372,31.022030,0.276114,33.4032,15.967165,0.984428,0.184498,227.424,4.290812,27.459,0,Vacuum_Cleaner,sess_1775549068914,1775549127011,2190455,1,1,1,0,20,32768.00,0,4
35.769775,5.767854,-10.052810,-48.471989,0.601422,1.144024,14.6665,16.911366,1.010699,0.374147,227.424,4.474482,27.470,0,Vacuum_Cleaner,sess_1775549068914,1775549127328,2190746,1,1,1,0,20,32768.00,0,4
35.278313,9.932160,-5.030277,-49.029053,16.890125,1.175926,10.4515,15.626554,1.174717,0.299404,227.559,4.367307,27.470,0,Vacuum_Cleaner,sess_1775549068914,1775549127400,2190839,1,1,1,0,20,32768.00,0,4
37.899895,4.552239,-14.703691,-51.313980,5.078579,0.614169,87.6759,16.602140,0.660166,0.138067,227.559,4.319068,27.470,0,Vacuum_Cleaner,sess_1775549068914,1775549127495,2190937,1,1,1,0,20,32768.00,0,4
28.997139,4.291987,-13.948279,-49.238724,0.126192,0.845983,31.8320,16.342804,0.423639,0.355766,227.317,4.314901,27.471,0,Vacuum_Cleaner,sess_1775549068914,1775549127847,2191227,1,1,1,0,20,32768.00,0,4
31.548824,11.012305,-4.042617,-50.207680,15.491951,1.065421,0.8604,16.991583,1.234191,0.197552,227.317,4.383094,27.471,0,Vacuum_Cleaner,sess_1775549068914,1775549127877,2191321,1,1,1,0,20,32768.00,0,4
36.789925,9.243144,-5.820056,-50.465950,3.560652,1.563201,4.0121,16.989849,1.108516,0.477670,227.317,4.215600,27.471,0,Vacuum_Cleaner,sess_1775549068914,1775549127971,2191415,1,1,1,0,20,32768.00,0,4
35.012821,7.677136,-7.146350,-50.696327,16.276102,0.677373,18.3827,17.046982,1.129837,0.031300,227.317,4.205044,27.475,0,Vacuum_Cleaner,sess_1775549068914,1775549128300,2191515,1,1,1,0,20,32768.00,0,4
33.793720,12.447094,-2.794159,-49.644562,0.152808,0.048576,1.0815,15.725265,0.736429,0.267399,227.317,4.436781,27.475,0,Vacuum_Cleaner,sess_1775549068914,1775549128327,2191712,1,1,1,0,20,32768.00,0,4
29.501816,11.796637,-4.321231,-48.777081,11.926564,2.738188,3.1123,16.225716,0.871603,1.064745,227.385,4.058856,27.475,0,Vacuum_Cleaner,sess_1775549068914,1775549128353,2191805,1,1,1,0,20,32768.00,0,4
37.248940,8.117897,-6.366018,-51.390575,4.664230,0.993518,11.3981,17.750633,1.133206,0.424515,227.385,4.196701,27.475,0,Vacuum_Cleaner,sess_1775549068914,1775549128451,2191897,1,1,1,0,20,32768.00,0,4
35.629856,6.652448,-8.105062,-49.936874,15.000076,0.595484,16.5718,16.867985,1.165097,0.286120,227.385,4.292762,27.475,0,Vacuum_Cleaner,sess_1775549068914,1775549128560,2191997,1,1,1,0,20,32768.00,0,4
32.029175,7.901092,-7.881893,-50.110008,6.519979,1.045014,4.7600,17.040026,0.595041,0.376410,227.392,4.083025,27.478,0,Vacuum_Cleaner,sess_1775549068914,1775549128886,2192289,1,1,1,0,20,32768.00,0,4
34.233707,11.040282,-4.056871,-42.875881,4.024173,1.324196,7.0340,16.023527,1.157161,0.867803,227.392,4.366486,27.478,0,Vacuum_Cleaner,sess_1775549068914,1775549128943,2192382,1,1,1,0,20,32768.00,0,4
34.678993,11.834798,-2.750128,-51.215347,3.610394,0.401904,46.6573,17.331594,0.585908,0.132016,227.392,4.412602,27.478,0,Vacuum_Cleaner,sess_1775549068914,1775549129051,2192476,1,1,1,0,20,32768.00,0,4
37.672630,10.570271,-4.801532,-43.393494,2.966332,0.401815,67.0001,16.297024,0.521960,0.363589,227.392,4.130238,27.480,0,Vacuum_Cleaner,sess_1775549068914,1775549129375,2192769,1,1,1,0,20,32768.00,0,4
32.172672,11.611084,-3.681612,-40.959732,15.581960,1.388570,90.7588,15.730185,0.673454,0.078897,227.594,4.156307,27.480,0,Vacuum_Cleaner,sess_1775549068914,1775549129417,2192862,1,1,1,0,20,32768.00,0,4
34.984425,4.516156,-14.597465,-50.382919,2.154925,1.345423,13.3804,16.444138,1.035525,0.409355,227.594,4.292420,27.480,0,Vacuum_Cleaner,sess_1775549068914,1775549129512,2192956,1,1,1,0,20,32768.00,0,4
35.512150,13.116682,-2.296088,-49.038845,1.968684,0.901216,64.9363,17.286861,0.542269,0.257584,227.594,4.316169,27.443,0,Vacuum_Cleaner,sess_1775549068914,1775549129849,2193250,1,1,1,0,20,32768.00,0,4
37.672428,11.094297,-10.031120,-31.617882,4.482345,0.386821,0.0000,16.033018,0.647354,0.559583,227.594,4.122948,27.443,0,Vacuum_Cleaner,sess_1775549068914,1775549129902,2193343,1,1,1,0,20,32768.00,0,4
42.661995,4.682811,-12.149573,-51.455048,5.115595,1.545705,22.3944,17.166767,1.217763,0.255098,227.806,4.207088,27.443,0,Vacuum_Cleaner,sess_1775549068914,1775549130013,2193437,1,1,1,0,20,32768.00,0,4
35.219719,4.608495,-10.773054,-51.378540,1.418266,0.570404,23.2666,17.561663,0.987953,0.080925,227.806,4.234325,27.443,0,Vacuum_Cleaner,sess_1775549068914,1775549130094,2193536,1,1,1,0,20,32768.00,0,4
35.260792,4.101547,-18.635044,-49.312500,0.842040,1.262871,2.6268,16.393335,0.562151,0.340976,227.806,4.326826,27.445,0,Vacuum_Cleaner,sess_1775549068914,1775549130373,2193828,1,1,1,0,20,32768.00,0,4
38.625725,8.550829,-6.039643,-51.598759,1.622422,0.680750,55.3702,17.685623,0.794277,0.383955,228.000,4.459731,27.445,0,Vacuum_Cleaner,sess_1775549068914,1775549130470,2193921,1,1,1,0,20,32768.00,0,4
34.058720,12.953978,-1.752002,-51.603004,3.534079,0.919846,57.1320,17.001623,0.502976,0.236557,228.000,4.375332,27.445,0,Vacuum_Cleaner,sess_1775549068914,1775549130592,2194022,1,1,1,0,20,32768.00,0,4
32.340408,13.150232,-1.876863,-44.402332,1.270230,1.483465,20.6421,15.996833,0.639804,0.375234,228.000,4.191628,27.443,0,Vacuum_Cleaner,sess_1775549068914,1775549130912,2194313,1,1,1,0,20,32768.00,0,4
34.375690,11.449831,-6.672276,-29.625589,6.611391,0.974619,0.0000,16.110632,0.772669,0.255755,228.000,4.105866,27.443,0,Vacuum_Cleaner,sess_1775549068914,1775549130965,2194406,1,1,1,0,20,32768.00,0,4
43.456192,4.987054,-11.404439,-49.749229,3.385071,0.602735,23.2442,16.624767,1.120431,0.185040,228.053,4.166646,27.443,0,Vacuum_Cleaner,sess_1775549068914,1775549131076,2194500,1,1,1,0,20,32768.00,0,4
33.458691,4.837810,-19.847437,-50.157833,0.926782,1.324590,21.3746,16.408756,1.074145,0.150549,228.053,4.216829,27.446,0,Vacuum_Cleaner,sess_1775549068914,1775549131364,2194599,1,1,1,0,20,32768.00,0,4
34.240314,13.087132,-2.029160,-47.139591,1.643096,0.361885,6.3821,16.345058,1.043407,0.398406,228.053,4.137602,27.446,0,Vacuum_Cleaner,sess_1775549068914,1775549131392,2194795,1,1,1,0,20,32768.00,0,4
36.319889,10.854986,-7.684889,-30.718609,8.676084,0.826512,0.0000,15.657007,0.669896,0.157049,228.053,4.085618,27.446,0,Vacuum_Cleaner,sess_1775549068914,1775549131445,2194888,1,1,1,0,20,32768.00,0,4
41.611664,4.905351,-19.523941,-50.798653,4.669689,0.398012,2.7768,16.557348,1.204023,0.428155,227.963,4.225560,27.446,0,Vacuum_Cleaner,sess_1775549068914,1775549131556,2194983,0,1,1,0,18,32768.00,0,4
34.586803,4.829224,-10.564758,-51.034271,1.358919,1.291582,20.1772,16.796629,1.135314,0.042382,227.963,4.239887,27.446,0,Vacuum_Cleaner,sess_1775549068914,1775549131637,2195082,1,1,1,0,11,32768.00,0,4
38.944904,4.158305,-12.547707,-52.179924,0.084587,0.377159,50.1026,18.000000,0.385401,0.124625,227.963,4.212447,27.447,0,Vacuum_Cleaner,sess_1775549068914,1775549131901,2195280,1,1,1,0,13,32768.00,0,4
37.083176,12.040213,-2.907947,-42.954208,22.092340,0.675126,108.4535,16.203764,1.605551,0.356089,227.895,4.243579,27.447,0,Vacuum_Cleaner,sess_1775549068914,1775549132042,2195467,1,1,1,0,14,32768.00,0,4
40.098446,7.257199,-7.947373,-51.430748,3.729198,1.018481,20.4213,16.792435,1.459147,0.011699,227.895,4.239608,27.447,0,Vacuum_Cleaner,sess_1775549068914,1775549132126,2195564,1,1,1,0,19,32768.00,0,4
37.652416,4.386003,-12.618275,-51.141068,0.130753,1.225064,65.5729,17.277950,0.113257,0.006159,227.895,4.207043,27.457,0,Vacuum_Cleaner,sess_1775549068914,1775549132392,2195761,1,1,1,0,20,32768.00,0,4
35.726620,4.587372,-12.839462,-49.441666,0.227470,1.369521,52.0732,16.186214,0.143657,0.031037,227.895,4.217489,27.457,0,Vacuum_Cleaner,sess_1775549068914,1775549132406,2195854,1,1,1,0,20,32768.00,0,4
38.874741,4.788503,-14.669942,-50.902103,18.397322,0.982575,73.3786,16.676586,1.049851,0.435783,227.895,4.364522,27.457,0,Vacuum_Cleaner,sess_1775549068914,1775549132501,2195947,1,1,1,0,20,32768.00,0,4
35.940105,4.888878,-12.570696,-50.678211,1.980472,0.849944,91.4738,16.881927,0.903078,0.155101,227.949,4.310367,27.457,0,Vacuum_Cleaner,sess_1775549068914,1775549132612,2196047,1,1,1,0,20,32768.00,0,4
36.010014,10.692958,-4.593625,-47.009415,0.975479,0.834746,11.6266,16.729263,0.935091,0.074169,227.949,4.423792,27.460,0,Vacuum_Cleaner,sess_1775549068914,1775549132931,2196339,1,1,1,0,20,32768.00,0,4
32.863529,13.431250,-1.756917,-45.746544,11.649129,1.633283,88.2503,16.435881,0.647467,0.914442,227.949,4.100167,27.460,0,Vacuum_Cleaner,sess_1775549068914,1775549132985,2196432,1,1,1,0,20,32768.00,0,4
33.743088,11.090639,-5.550369,-43.656784,22.676424,1.293756,4.6703,17.002151,1.574502,0.651923,227.978,4.469239,27.419,0,Vacuum_Cleaner,sess_1775549068914,1775549133390,2196627,1,1,1,0,20,32768.00,0,4
38.331760,5.660703,-10.436153,-53.534412,0.083371,0.453670,2.0968,18.000000,0.517841,0.176458,227.978,4.334842,27.419,0,Vacuum_Cleaner,sess_1775549068914,1775549133617,2197011,1,1,1,0,20,32768.00,0,4
38.053410,9.800701,-6.161764,-49.245560,6.639813,1.136764,60.5613,17.806852,0.435543,0.308989,227.978,4.227688,27.419,0,Vacuum_Cleaner,sess_1775549068914,1775549133658,2197106,1,1,1,0,20,32768.00,0,4
34.616116,12.055593,-3.925509,-51.025166,0.127325,1.008632,1.0422,16.366968,0.301100,0.291306,227.978,4.296975,27.420,0,Vacuum_Cleaner,sess_1775549068914,1775549134106,2197496,1,1,1,0,20,32768.00,0,4
36.462147,10.912398,-4.801840,-49.644081,3.412977,0.691717,29.4705,16.623098,0.767226,0.094778,227.751,4.329556,27.420,0,Vacuum_Cleaner,sess_1775549068914,1775549134136,2197591,1,1,1,0,20,32768.00,0,4
38.423397,13.239388,-1.638672,-42.876266,55.415432,1.441672,8.5812,16.964569,1.643975,0.145449,227.290,4.255417,27.423,0,Vacuum_Cleaner,sess_1775549068914,1775549134652,2198068,1,1,1,0,20,32768.00,0,4
32.837528,9.783897,-6.125327,-44.352898,44.383919,1.306257,11.4318,16.450840,1.754845,0.035037,227.290,4.343482,27.426,0,Vacuum_Cleaner,sess_1775549068914,1775549135103,2198546,1,1,1,0,20,32768.00,0,4
32.653187,11.339908,-3.335867,-49.893623,5.220867,0.818971,42.6890,16.367088,0.955457,0.201394,226.697,4.413463,27.426,0,Vacuum_Cleaner,sess_1775549068914,1775549135187,2198641,1,1,1,0,20,32768.00,0,4
33.224754,11.063943,-3.734277,-42.372837,19.641796,0.864858,10.4641,16.083118,1.340734,0.140595,226.697,4.367711,27.432,0,Vacuum_Cleaner,sess_1775549068914,1775549135603,2199031,1,1,1,0,20,32768.00,0,4
33.590874,8.197017,-7.442213,-51.651932,7.974686,2.001414,24.5503,16.936886,1.254000,0.291988,226.697,4.265685,27.432,0,Vacuum_Cleaner,sess_1775549068914,1775549135683,2199126,1,1,1,0,20,32768.00,0,4
32.200378,12.171761,-3.047120,-41.573635,35.456120,0.512618,16.5251,16.143532,1.224267,0.361068,226.247,4.155762,27.436,0,Vacuum_Cleaner,sess_1775549068914,1775549136162,2199607,1,1,1,0,20,32768.00,0,4
40.411442,10.540986,-4.691004,-47.014488,45.114086,0.567302,4.3110,16.065994,1.921915,0.285637,226.260,4.318665,27.437,0,Vacuum_Cleaner,sess_1775549068914,1775549136547,2199991,1,1,1,0,20,32768.00,0,4
37.164505,7.175480,-7.867112,-49.671936,3.080158,0.312925,11.6854,16.835302,1.234517,0.158485,226.260,4.263909,27.437,0,Vacuum_Cleaner,sess_1775549068914,1775549136643,2200089,1,1,1,0,20,32768.00,0,4
36.034233,5.019811,-9.951412,-51.558922,13.795534,0.859602,20.4039,17.117390,1.115598,0.014197,226.479,4.259066,27.437,0,Vacuum_Cleaner,sess_1775549068914,1775549136741,2200189,1,1,1,0,20,32768.00,0,4
32.094170,12.600914,-2.686349,-45.227318,2.672574,0.434755,3.8298,16.017609,0.650873,0.284545,226.479,4.227048,27.440,0,Vacuum_Cleaner,sess_1775549068914,1775549136994,2200387,1,1,1,0,20,32768.00,0,4
30.255846,11.873379,-3.547612,-40.161663,6.392710,1.154597,55.4406,15.085421,0.952966,0.075222,226.479,4.201611,27.440,0,Vacuum_Cleaner,sess_1775549068914,1775549137047,2200481,1,1,1,0,20,32768.00,0,4
37.635990,4.363327,-10.921945,-50.473816,8.997017,0.338073,17.4980,16.534811,1.078187,0.117843,226.479,4.241221,27.440,0,Vacuum_Cleaner,sess_1775549068914,1775549137128,2200574,1,1,1,0,20,32768.00,0,4
33.691799,4.697786,-10.333189,-51.074123,2.558939,1.617875,17.4560,16.334856,1.101115,0.114097,226.656,4.202508,27.440,0,Vacuum_Cleaner,sess_1775549068914,1775549137237,2200673,1,1,1,0,20,32768.00,0,4
34.559628,4.119631,-15.210118,-51.953236,0.201416,0.320066,1.2771,17.523497,0.391763,0.307411,226.656,4.303617,27.430,0,Vacuum_Cleaner,sess_1775549068914,1775549137509,2200965,0,1,1,0,18,32768.00,0,4
40.919270,4.690011,-10.724064,-35.728661,3.280136,0.552479,0.0000,16.455757,0.885264,0.182085,226.656,4.366307,27.430,0,Vacuum_Cleaner,sess_1775549068914,1775549137617,2201057,1,1,1,0,9,32768.00,0,4
36.688034,4.582870,-11.079424,-49.137920,1.668550,1.207409,10.0183,15.930183,1.102160,0.422639,226.656,4.218677,27.430,0,Vacuum_Cleaner,sess_1775549068914,1775549137726,2201156,1,1,1,0,15,32768.00,0,4
39.780323,5.908215,-9.790498,-49.962776,0.138487,0.747637,15.6875,16.732208,0.538796,0.371326,227.101,4.334023,27.434,0,Vacuum_Cleaner,sess_1775549068914,1775549137975,2201355,1,1,1,0,19,32768.00,0,4
34.757751,11.778779,-3.258137,-49.013119,0.135540,0.145575,1.0902,15.900097,1.076488,0.255730,227.101,4.422690,27.434,0,Vacuum_Cleaner,sess_1775549068914,1775549138001,2201449,1,1,1,0,20,32768.00,0,4
35.356556,11.945783,-2.918603,-50.407066,27.923859,1.039670,24.3063,16.884821,1.006809,0.376544,227.101,4.289463,27.434,0,Vacuum_Cleaner,sess_1775549068914,1775549138096,2201542,1,1,1,0,20,32768.00,0,4
33.471798,13.199452,-1.205523,-51.001266,1.537748,0.751009,28.3863,17.147072,1.016808,0.371482,227.101,4.416940,27.434,0,Vacuum_Cleaner,sess_1775549068914,1775549138205,2201641,1,1,1,0,20,32768.00,0,4
30.882586,10.925219,-4.818820,-51.883835,0.924241,0.876589,86.0407,17.897812,0.590751,0.283582,227.316,4.216226,27.440,0,Vacuum_Cleaner,sess_1775549068914,1775549138484,2201933,1,1,1,0,20,32768.00,0,4
39.693428,4.600145,-12.056890,-49.927895,3.460617,0.661794,5.9879,17.192589,0.928358,0.340488,227.316,4.331072,27.440,0,Vacuum_Cleaner,sess_1775549068914,1775549138579,2202029,1,1,1,0,20,32768.00,0,4
32.330296,4.705810,-12.100458,-51.565937,7.365482,1.196234,6.5427,17.120083,0.779825,0.148438,227.316,4.279640,27.440,0,Vacuum_Cleaner,sess_1775549068914,1775549138688,2202128,1,1,1,0,20,32768.00,0,4
34.719460,4.276636,-14.433955,-50.040588,7.796322,0.039314,29.5015,16.923025,0.775059,0.023280,227.316,4.271670,27.445,0,Vacuum_Cleaner,sess_1775549068914,1775549139001,2202228,1,1,1,0,20,32768.00,0,4
33.895779,7.885344,-9.975340,-48.277760,0.473765,0.835522,83.2946,17.148491,0.585101,0.354101,227.531,4.214525,27.445,0,Vacuum_Cleaner,sess_1775549068914,1775549139028,2202424,1,1,1,0,20,32768.00,0,4
33.713490,7.069996,-8.919597,-45.879482,14.768164,3.546358,57.2624,15.762369,1.101914,0.321124,227.531,4.106254,27.445,0,Vacuum_Cleaner,sess_1775549068914,1775549139084,2202517,1,1,1,0,20,32768.00,0,4
38.002201,4.621335,-16.662083,-50.782829,1.211412,0.731559,12.5007,16.379908,0.964450,0.664486,227.531,4.324538,27.445,0,Vacuum_Cleaner,sess_1775549068914,1775549139165,2202610,0,1,1,0,18,32768.00,0,4
35.994511,5.528758,-14.060555,-52.488018,16.737099,0.464478,17.1569,17.482983,1.029396,0.066517,227.531,4.347551,27.445,0,Vacuum_Cleaner,sess_1775549068914,1775549139274,2202710,1,1,1,0,9,32768.00,0,4
31.087160,9.068908,-6.516418,-51.792492,0.196703,0.773517,0.6753,17.623415,0.658781,0.192702,227.623,4.432662,27.455,0,Vacuum_Cleaner,sess_1775549068914,1775549139566,2203002,1,1,1,0,11,32768.00,0,4
39.002068,11.736862,-3.313166,-37.238735,3.001989,0.527007,0.0000,16.922159,0.917334,0.214943,227.623,4.356440,27.455,0,Vacuum_Cleaner,sess_1775549068914,1775549139650,2203096,1,1,1,0,17,32768.00,0,4
33.013744,12.093742,-2.409169,-32.365299,13.839327,1.113414,0.0000,16.709139,0.713365,0.184505,227.623,4.420743,27.455,0,Vacuum_Cleaner,sess_1775549068914,1775549139745,2203194,1,1,1,0,20,32768.00,0,4
29.021940,4.184446,-16.819733,-50.134201,0.070084,0.595973,1.0533,17.105469,0.332667,0.149390,227.623,4.273804,27.467,0,Vacuum_Cleaner,sess_1775549068914,1775549140058,2203491,0,1,1,0,18,32768.00,0,4
40.333755,9.944177,-4.812260,-51.145508,3.404836,0.698318,7.5634,16.493862,0.997668,0.225703,227.814,4.350973,27.467,0,Vacuum_Cleaner,sess_1775549068914,1775549140143,2203584,1,1,1,0,9,32768.00,0,4
35.223083,4.629028,-11.574238,-51.150543,17.541700,1.427829,2.9857,17.440285,0.976336,0.485883,227.814,4.181848,27.467,0,Vacuum_Cleaner,sess_1775549068914,1775549140237,2203681,1,1,1,0,14,32768.00,0,4
34.297462,4.678073,-14.529630,-52.237743,10.334908,0.749891,29.1575,17.308620,1.086321,0.016716,227.814,4.187440,27.474,0,Vacuum_Cleaner,sess_1775549068914,1775549140603,2203781,1,1,1,0,19,32768.00,0,4
34.164890,10.438794,-5.026483,-50.300106,0.086965,1.171366,1.3828,16.533073,0.692643,0.115698,227.761,4.423615,27.474,0,Vacuum_Cleaner,sess_1775549068914,1775549140630,2204066,1,1,1,0,20,32768.00,0,4
37.516499,10.108860,-5.016253,-51.445614,2.112608,1.130437,65.0013,16.972868,0.951574,0.266415,227.761,4.329334,27.474,0,Vacuum_Cleaner,sess_1775549068914,1775549140714,2204160,1,1,1,0,20,32768.00,0,4
35.955208,12.635597,-1.932872,-52.273983,15.878887,0.632336,50.5655,17.169081,0.986827,0.108288,227.761,4.291829,27.474,0,Vacuum_Cleaner,sess_1775549068914,1775549140823,2204259,1,1,1,0,20,32768.00,0,4
36.949413,11.697594,-4.001130,-50.543495,0.081416,1.003343,14.4312,17.096865,0.364489,0.008122,227.761,4.265946,27.475,0,Vacuum_Cleaner,sess_1775549068914,1775549141093,2204459,1,1,1,0,20,32768.00,0,4
32.254108,4.395246,-16.155264,-51.055408,0.180857,0.312061,80.5309,17.620916,0.062466,0.209363,227.761,4.194496,27.475,0,Vacuum_Cleaner,sess_1775549068914,1775549141107,2204552,0,1,1,0,18,32768.00,0,4
37.984856,4.944514,-9.859839,-51.991753,3.146030,0.763757,34.2826,17.773643,1.118291,0.012577,227.826,4.198716,27.475,0,Vacuum_Cleaner,sess_1775549068914,1775549141205,2204645,1,1,1,0,9,32768.00,0,4
34.578575,4.889047,-10.690128,-51.856918,2.263000,0.800532,6.7451,17.005783,1.110399,0.003266,227.826,4.197619,27.475,0,Vacuum_Cleaner,sess_1775549068914,1775549141314,2204745,1,1,1,0,15,32768.00,0,4
40.907364,4.501854,-20.939690,-45.886063,0.104841,0.120206,0.0000,17.310825,0.087743,0.056728,227.826,4.219200,27.482,0,Vacuum_Cleaner,sess_1775549068914,1775549141572,2204943,0,1,1,0,16,32768.00,0,4
34.233562,4.542990,-13.332601,-51.139141,0.056177,0.642979,54.3074,17.445654,0.058149,0.000480,227.826,4.219362,27.482,0,Vacuum_Cleaner,sess_1775549068914,1775549141586,2205035,1,1,1,0,17,32768.00,0,4
39.964417,4.917521,-17.603701,-51.553822,0.873825,0.726660,55.7062,17.275402,1.045904,0.279945,227.624,4.313857,27.482,0,Vacuum_Cleaner,sess_1775549068914,1775549141670,2205128,0,1,1,0,18,32768.00,0,4
35.198723,4.947650,-10.548047,-51.014778,4.285037,0.676169,35.2369,17.379776,1.101231,0.381683,227.624,4.182135,27.482,0,Vacuum_Cleaner,sess_1775549068914,1775549141792,2205227,1,1,1,0,7,32768.00,0,4
